-1.3716313839
1.0062298775
1.3253093958
2.4215660095
-0.1842972040
-0.0941556692
-2.8282573223
-0.6597262025
-1.4363334179
-0.2509174347
0.9483984709
1.1669967175
-0.5843871832
-0.7863728404
1.9770429134
-1.1563317776
1.2878232002
-0.9097027779
0.2091391087
0.9046232104
0.5019466877
-1.0754297972
-0.7839030623
-0.3628019094
1.0838882923
-0.2982301712
-0.0043780208
-1.1616523266
0.1601975560
0.6251209974
-0.1134224534
0.1416542530
-0.2632204294
0.3886858821
0.3170164824
-0.4677941799
-0.3609790802
0.0332009792
0.1625336409
0.6978041530
1.1967453957
0.8783135414
0.1191239357
-0.1475193501
-0.2668895125
-0.0124412775
-0.6909281015
0.3813530803
-0.0760747790
0.1791452169
-0.0050971508
0.2521572113
-0.0832489729
-0.2052670121
-0.0967168808
0.3049609661
0.0029608607
-0.1097986102
0.3543347120
-0.1043546200
0.3671333790
-0.6675347686
-0.0064713955
0.3377146721
106.9735641479
96.6939086914
-98.8623809814
-136.6692962646
45.6042480469
-27.2585849762
-96.8612365723
126.8466949463
-9.7288169861
-117.9115142822
96.2331695557
154.8281707764
-16.2722835541
164.5233459473
-232.4408569336
-19.1814441681
0.4230604172
-0.5383030176
-0.3005652428
0.4120511413
0.5047874451
0.4101948738
-1.4571826458
0.1737145185
-0.5376828909
0.4596520662
0.4043650031
-0.1293528080
-0.5441882610
0.1960347295
0.1335093975
-0.7837157249
-0.0249482989
-0.1431723833
-1.5207995176
-0.5102750659
0.2289980650
-0.5548742414
-0.2599362135
-0.2608439326
1.0029447079
-0.2641230822
-0.9045600295
0.4827990532
-0.1360691190
0.3529461622
0.7605277300
1.0650359392
0.5324292779
-0.3716073632
-1.6662855148
0.3531175256
-0.5932936668
-0.5438286066
-0.3250093460
-0.0504519939
0.7357541323
0.4513926506
1.3173040152
1.0568767786
-0.0152735710
-0.5543142557
0.4204732180
-0.0739024282
0.0472925901
-0.4061818123
0.2016705275
0.4931709170
-0.5870367289
0.6890851855
-0.0503480434
-1.2523450851
-0.1967927217
-0.5737804770
-0.5841419697
-0.1679543257
-0.1801753044
2.0074839592
-0.4334809184
1.5893574953
-0.2408039570
0.1608268619
2.5379304886
-0.2038985491
-1.6301851273
-1.5885398388
1.5782067776
1.9105366468
0.8853195906
1.5548985004
-1.4257919788
2.1097586155
-3.0030512810
1.3770737648
-1.5942329168
-0.2755396962
-0.7417564988
0.2715128660
0.4096525311
-0.4260733128
-0.2468137145
0.3954045177
0.8049794436
-0.6219769120
-0.8323876858
0.5061665177
0.7798490524
-0.1226190329
-0.5960589051
0.1205958724
-0.0653254390
1.1392959356
-0.3576291203
0.1697895527
0.5632566810
0.3592537642
-0.1482146978
-0.5191481113
0.1377305388
-0.2717865109
-0.4489367604
-0.3058665991
-0.1855738759
-0.5726490617
0.3351526260
0.2611255050
-0.1345342398
0.3327898383
0.6017006636
-0.2766803503
-0.1324586868
-0.7601929307
0.4055922031
0.2242264152
0.2813448906
0.6810586452
-0.1643358469
-0.6515506506
-0.0270372033
-0.3856359124
0.0031843781
0.1841695309
-0.8705478311
0.2786419392
0.7751109004
-0.6171449423
0.8476120830
-0.1055696607
0.0282722712
-1.3541076183
-0.0655477643
0.0675439239
0.2597166300
-0.4285961390
0.3478462696
0.0307352543
0.0087223649
0.4564204216
0.3377567530
-0.0972311497
-0.6502785087
0.3808881640
0.7090473771
0.9713549018
-0.6089037657
-0.3121318221
-0.2238469720
0.0361633897
0.3644404411
-0.0075048804
-0.1772197485
-0.0848869681
0.4572904110
-0.1056123376
-0.7683137655
0.2658592463
0.2203353047
0.2260473371
-0.2993221283
0.3917673826
0.0583786964
-0.2858706713
-0.0215039253
-0.0018897653
0.0328590870
-0.3433927894
0.5957136154
0.1323701143
-0.0287771821
-0.7511361837
0.3160689473
0.2835251093
1.1943740845
-0.2643048763
-0.2072228193
-1.4633184671
0.7785609365
0.3821843863
0.6073945761
0.3927172422
0.2470244169
-0.4315073490
-0.4592381716
-0.1197675467
-0.0878503323
0.6743588448
-1.1426324844
0.8423421383
0.6021380424
0.2915172577
0.4856594205
0.6869422197
0.1401935220
-0.7682456970
-0.6715567112
-0.2956453562
1.0914616585
0.7830348015
-0.4889458418
-0.5972539186
-0.5425072908
0.5564041734
-0.2598353624
0.5213639140
-0.0858428478
0.0523189306
0.2746702433
0.4071168303
-0.1282919645
0.3576819897
-0.0372533798
-0.5357793570
0.5443854332
0.4636543393
-0.3076459765
0.9635347128
-0.0307754874
-0.0199625492
-0.2312228680
-0.7123843431
-2.8888957500
-3.7773358822
0.5945905447
1.3688886166
0.6148769855
0.6796658039
-0.2990626097
0.7615410686
2.7167518139
-0.4335510731
-1.2605066299
1.8251913786
3.0669188499
-0.2899786234
-0.3679311872
-2.7033238411
-0.4084682465
-0.1952511072
0.5616662502
0.0364315510
0.2190003991
-0.0696336031
0.0407080650
0.3532732725
-0.2789269090
-0.6145144701
-0.1665334702
-0.6536704302
-0.0337334871
0.8079566360
-0.5520985126
-0.2959415913
0.5043454766
-0.2165614367
0.9428254366
-0.6603851914
0.0910736918
-0.1252988577
-0.4452101588
-0.0135661960
-0.3504416347
0.2661154270
0.0084933639
0.8849805593
-0.3448538780
-0.2161434889
0.8074685335
0.4970058799
-0.2673205733
-0.1027430892
0.8705757260
0.7969242334
-0.8519945741
0.3624026775
0.4372354746
0.0578213334
-1.5983910561
0.3399445415
-0.9644322395
-0.1168722510
0.4722158909
0.7995499372
0.2326799631
0.8312457800
1.1831908226
-0.3094384670
-1.0502262115
0.3239794374
1.0980242491
0.5692068338
-0.9854589701
0.2992783785
0.7243709564
-0.5669804215
1.5307140350
1.0140174627
0.0053664446
-1.9132959843
0.9313434958
-0.6282110214
-0.1482195854
0.2389822006
-0.0515392423
0.0475085378
0.2248274684
0.2545751333
-0.4723913670
0.3704765439
0.2833529115
-0.5156924725
-0.5167623758
0.1665449739
-0.4553127289
0.5458998680
-0.5974078774
-0.4079797268
1.2689796686
-0.0185608864
0.1477740407
0.2569758892
0.0471561551
-2.0116779804
-1.6017780304
-1.2937898636
1.0796571970
1.3692450523
0.2265758514
-1.6725437641
0.3738665581
1.2098929882
1.2051653862
0.2123796940
-1.3737220764
0.4809765220
-1.3342766762
0.3724704981
2.0257501602
-1.1751484871
-2.5392746925
1.5746448040
2.2403748035
0.4908901453
-0.1684125066
0.9631804824
-2.3059358597
-0.5516139865
-1.3743333817
-3.3945250511
-0.4247583151
-0.4621776938
0.7199194431
0.3222373128
-0.5478129387
-0.2773395777
0.2700850368
-1.5057454109
-0.4870665073
-1.8079197407
-0.9770547748
-0.1974098682
1.0697443485
1.9496374130
-0.6942459345
-0.5131673217
-0.0849090219
0.1803346276
0.3874301910
0.0243105888
0.0683586001
0.3073404431
-0.1659862995
0.0089770555
-0.3476492763
-0.4202680588
-0.2940713167
-0.1920261383
-0.0316075683
0.7523015738
-0.4763138294
0.0843311548
6.7007627487
-5.1705989838
-0.1091408730
-3.4473948479
2.8364806175
-5.1499795914
-6.3713607788
-7.0812187195
0.0557525158
-0.7652842999
3.1422562599
-5.2228717804
4.6131892204
1.4288637638
11.0211620331
-2.2489402294
-0.3288937211
-0.0432505608
-0.1063525081
-0.2284893990
-0.1201729774
0.3194700480
0.3581162691
-0.3737567663
-0.4967056513
0.2845730782
-0.2032951117
0.2257255316
-0.2914500833
0.0260872245
-0.0604211688
0.6865739226
1.7032275200
5.1399040222
1.1730221510
-3.0478518009
1.5439077616
0.9615154862
4.2417416573
-0.2686828375
-1.2594299316
0.9194449186
1.2929403782
-2.1678869724
-0.5075812340
-2.8278789520
1.3740160465
0.3912191391
0.2210771441
0.5427246690
-0.2889590263
-0.1038497686
0.2849233747
0.5522784591
-0.3055974245
0.0842767358
0.2315860391
-0.3799402118
-0.5246304274
0.3231746554
-0.5967092514
0.5349216461
-0.5830469728
0.0027446747
-0.9561581612
2.3151350021
2.1757678986
0.3373591900
-0.7537035942
-1.5019040108
-0.1381756067
1.0793102980
1.0935926437
4.3662557602
-2.2498955727
4.6335263252
0.5931076407
-1.5076684952
-2.8067724705
0.6117072105
-0.4932702780
-1.3636950254
-2.5454196930
2.3300819397
0.3681921959
1.9552488327
1.1315883398
-4.7072863579
-3.7486078739
-0.0163022280
-1.0198984146
-0.5919330716
-1.9788110256
-2.8555564880
1.0111362934
-0.0379960537
-0.0133827329
-0.6072803736
1.3247233629
0.5901416540
-0.8570597768
0.3798683286
-0.5148627758
-0.7386133671
-0.3313578367
-0.8507216573
-0.6838274598
0.6401903629
0.4190364480
1.8047859669
-0.3646280169
-1.0237375498
-0.7191677094
0.8948313594
1.6362442970
-2.0994610786
0.9875148535
-1.1368489265
1.0351866484
1.7534742355
-1.6675977707
0.0840689540
1.1109646559
1.3061381578
3.1904656887
0.4277211428
0.1118454933
-2.0290324688
1.2161369324
-1.1041440964
0.7398262620
0.2892134786
0.2945291996
-2.2031171322
-1.4156972170
-0.8985996246
0.4024160504
-0.1473241448
0.9764779210
-0.6201787591
0.7380967736
0.8018288612
1.3465166092
-0.1801972389
-0.7260833979
-0.0962972641
-1.3371703625
0.4044727087
0.7712660432
0.2385925055
0.7636620998
-0.6495110989
-0.7888398170
-0.2380710244
0.5160992146
-2.5400824547
-1.9937268496
-1.4581238031
-0.9639773965
0.9497100115
-0.3472552299
-1.6769361496
-0.0810074806
0.2908370495
-2.3608055115
-1.5507471561
-4.4528198242
2.4175126553
-0.9721706510
2.8512408733
0.5572541356
0.3036301136
-0.2612052560
-2.7897958755
1.7459628582
1.3793177605
-0.3593175411
0.4298410416
0.2365622520
0.0633507371
0.1747552156
0.1427501440
0.3241779208
0.5937740207
0.0247340798
-0.3913854361
-0.4829493761
-0.4139431715
0.0906518698
0.3549118638
0.2778173685
-0.3956973553
0.5501973629
-0.2001234293
0.4144372940
0.0482261777
0.3413014412
0.4032386541
-0.7854469419
0.2856387496
-0.1129163504
0.1429079771
0.5245732069
0.8568651676
-0.6324995160
-0.2126832008
-0.0479634404
-0.0499368906
-1.3260898590
-0.0933519602
-3.7110152245
-1.9998397827
1.9101052284
0.4192956686
-0.8374238014
0.7136712074
-0.8641595244
-1.8189165592
-1.1482511759
0.3133106232
-1.1677299738
-3.2888815403
-1.2263801098
1.3414981365
0.8084731102
0.0476559997
-1.2670981884
1.0906467438
-0.6202178001
-0.5466360450
-1.2374408245
0.1218360662
0.1025401354
-0.4347580671
1.5550693274
0.3933985233
-0.0538248420
-0.5549517870
-0.0602560043
1.4569672346
2.1190180779
-2.0392432213
-1.6404592991
-6.0634689331
2.9621934891
1.0987484455
2.3763656616
3.1482932568
2.4916396141
1.3339359760
-3.0011441708
-4.0554227829
2.3356869221
-1.2576022148
-1.9039678574
0.1861839294
0.4704805017
0.2618085742
0.4609891176
0.3028475046
0.0876715779
-1.0374891758
-0.3955825567
0.2572612762
0.3128827810
-0.3889023066
-0.4025349617
0.1912468076
-1.1399537325
1.2733188868
0.3423466086
0.3299155235
-0.0206607580
0.0844101310
-0.1727151871
1.7744331360
-0.1199371815
0.0977184176
-1.2113072872
0.3495509624
1.4229582548
-0.9519564509
-1.9495408535
1.7130997181
1.6662218571
-1.6679633856
-2.7333760262
-2.5508875847
-1.8728231192
-1.1531325579
-0.2310962081
0.4841234684
-0.6957880855
-0.8471179008
1.3181909323
0.6050522923
0.4380559921
2.5809192657
0.3575315475
0.3723869324
-0.3705738783
0.3371340036
-0.2991982102
-0.4688417912
0.0666389465
-0.0107607245
-0.1914123297
0.3361315727
-0.0972325802
0.2445750237
-0.5095005035
0.2100428343
-0.1475265622
-0.7791199088
-0.0540728569
0.2312270403
-0.4328130484
0.2518160343
-0.8962635994
-0.0667719841
1.0398461819
-0.7362978458
0.5875157714
-0.0140228868
0.5090199709
-0.6845163703
-0.7547729015
-0.0947145224
0.1173750162
-0.2757515907
0.6657859683
0.0223563313
0.0147901773
0.2690382600
0.6356704235
-0.2074597478
0.3849142790
-0.2757198811
0.7022472024
-0.1064429879
-0.6156760454
0.5218663216
1.2212815285
-0.7707907557
-0.5538986921
0.5536556244
0.2408319712
-0.2785149813
-0.1783524752
0.2753530741
0.0577758551
1.8410604000
0.1872673631
0.1783937216
-0.1399266124
0.1210044026
0.0755820870
-0.1221444011
0.3017694950
-0.5901848078
0.0282298326
-0.5149319172
0.2192162275
0.0357476473
0.1283334494
0.1262248158
0.1986420155
-0.3645931482
-0.4151213765
0.3489134312
0.4932716489
0.4772780538
0.2606865168
0.0667939186
-0.5056648254
0.0080503821
-0.4860475659
-0.2643072009
0.0412606597
0.0991368890
0.1294457912
-0.1725046635
0.3655310273
-0.4367300272
0.0255773067
0.0455971956
0.8582555056
0.4932540059
-0.2349318266
-0.4467986226
-0.3483490944
0.7872714996
0.1983568072
0.1315950751
-0.5134077072
1.1804101467
-0.5324521661
-0.1750817895
-0.7996059060
0.2062266469
-0.9674201012
0.4504178166
0.8036033511
0.5661280751
-0.4141537547
-0.4204189777
-0.3434542418
0.3275187612
0.4880548716
0.4984108210
0.2194012403
-0.3986531496
-0.5775892138
0.2941265702
-0.2468329668
0.0054185390
0.0093604326
-0.8224615455
-0.7982072830
0.6291860342
0.3538749218
0.1603590846
-0.6443246603
1.5256562233
0.5377315283
0.2702216506
0.9228339195
0.7063600421
0.1554720998
-0.8628188372
-0.1013107896
0.1561855078
-0.1094075441
0.5367226005
0.1940410733
-0.2587150931
0.4243009090
0.3462820649
-0.1829147339
0.0539612770
-0.0192303658
-0.3316414952
-0.4451657534
-0.2030732036
-0.2750154734
0.7228424549
-0.4885801077
-0.0262247920
0.1688327193
-0.1110349298
1.1220424175
-0.5383116007
-0.7013270855
-1.2964308262
-0.8983009458
0.3081938028
-0.0838238001
1.3111798763
-0.1885451078
1.2688186169
0.8015854359
-0.4549534321
0.2258745432
0.0082323551
-0.1627732515
0.0423373580
0.3506893516
-0.1778721809
0.0106423497
-0.1164458990
0.0074972510
0.5431184173
0.8353359699
0.1893397570
0.4726381898
0.0408111215
-0.6722341180
-0.2164250016
-0.6814244390
0.9094409347
-0.7132440209
-1.0058065653
0.3648183942
0.6992916465
-0.4023402929
-0.9686480761
-0.4428620338
0.3409224153
-0.8102766275
1.0235300064
0.2419985533
-0.6437816024
0.1257326603
0.2518424392
0.7233015299
0.8867688179
-0.8472843766
-0.3189867139
0.2010067105
0.2660384178
-0.3958891630
1.2996827364
0.7836149931
0.5836247802
0.4451400042
-0.2105225325
-1.3790831566
-1.8134071827
-0.3918962479
1.9418910742
0.2456690669
-0.4634611011
0.6868445873
-0.2846941948
0.7220705748
-0.3169352412
0.1797226667
-0.1106174588
-0.3671567440
0.2578337193
0.0746436119
-0.0477323532
0.3925377131
0.8119584322
-0.6051977873
-0.0524086952
0.1410210133
-0.0130053163
0.3062274456
-0.4961854219
-0.4281508923
-0.7089263201
-0.0367370844
0.8348479271
0.4213263988
-0.5821921825
-0.8671224117
0.4852496386
-1.1939414740
0.6442099810
-0.0022417307
0.4700487256
1.0619159937
0.7490653396
-0.6638818383
-0.6415123343
0.3442066908
0.4983431697
-0.4687504768
-0.5029470921
-0.2450413704
0.1893422604
-0.2885627151
0.1273366213
-0.1119939089
-0.3674385548
0.7466309667
0.1717284322
-0.0805740356
0.4007408023
0.4946660995
2.5104312897
-4.2496266365
4.2175445557
-7.9869351387
0.4428225756
1.1502397060
4.4242973328
5.6360621452
4.5613331795
2.9149479866
4.2583665848
-0.0837597847
4.8717947006
2.0308599472
4.6459789276
0.6489182115
-0.1621088982
-0.5403598547
-0.3372231722
0.0059263110
-0.7176200151
1.0214842558
0.6407185793
-0.2499521375
0.2361115217
0.2175648808
-0.0410214067
-0.5443440676
0.5746607780
0.1455717087
1.2334550619
-0.6214997172
0.1335487962
-0.4401320219
0.0116527081
0.3447886705
-0.0872371793
0.9659320116
-0.4511220455
-0.4859157801
0.2426556349
0.3672724366
-0.4396291971
0.3024380207
-0.0771024823
-0.6849746704
-0.3701140285
0.7282574773
0.5766889453
-1.0413492918
0.5619183779
1.0817528963
0.3046811819
1.5929367542
0.9046635032
0.9145138860
1.1603591442
-0.5259438157
-0.0685750246
-0.5278501511
1.6653296947
-0.3504236937
1.3023953438
-1.8818941116
2.1394884586
-1.6499462128
1.2732908726
-0.7896955013
-0.6575818658
-0.4602826834
-1.2415530682
3.8773112297
0.6722664833
-2.6217584610
0.7345981598
1.4956619740
-0.7013111115
1.1151049137
1.9498535395
-1.1011846066
0.0774734616
-0.3058425784
-0.9176759720
1.0248870850
0.3644573689
-0.7150116563
-0.8068021536
-0.8857408762
0.1244759560
0.2488552928
1.0356510878
1.1658837795
-0.8431457281
-0.1063365936
0.3876447678
-0.7014955878
-0.3602497578
0.0104885101
0.2166888714
0.0976026654
-0.0026655793
0.6777780056
-0.1951909661
0.1517249346
-0.4712674618
-0.3125597239
-0.0064282417
-0.2870576382
0.5268056393
-0.3071686625
-0.0081205964
-1.4791567326
-3.7708692551
0.9184658527
-1.9348068237
-0.7284023762
-0.3775614500
-2.2870492935
-3.9464907646
1.5704095364
-1.6376533508
-2.3817453384
1.2482280731
2.5842380524
-4.3554306030
-3.3858885765
-1.2263785601
0.9056176543
0.6945542693
-0.3971617818
0.8539145589
-1.4185972214
0.0312814713
0.5472779274
0.5352665186
0.0886423588
0.1545863152
0.6341624856
-0.1880514622
0.3108033538
0.1359678507
-0.4830099940
-1.0743317604
-0.9675972462
1.8846977949
2.8869240284
0.9270022511
-2.8793730736
-0.1755244732
2.1322302818
0.1699153781
2.4550697803
0.6191143394
0.8202323914
0.1231146455
-1.5604393482
-0.7875027657
-1.3662595749
-1.2598589659
1.3835151196
1.3583588600
1.3840198517
0.3862375617
-1.1285166740
0.2586541772
1.5039317608
-0.5868752003
1.3991601467
-2.2851924896
-6.4474644661
-0.8107190132
-1.7663806677
5.2933721542
-0.5162349343
2.6276867390
0.2345833182
-0.2657439709
1.0129166842
-0.0446506143
-0.7404053807
0.6030105352
-0.5063812733
-0.7679789662
-0.4800584316
-0.4463934898
-0.0121074915
0.3196495175
0.5009829402
-0.6676871181
0.2327181101
-1.4142010212
-0.1230078936
0.0109467506
0.2400317788
0.4258760214
0.1152483225
0.6344917417
-0.4521740675
0.6744873524
0.3798220158
-0.2228415012
-0.2781512141
-0.1551019549
-0.0123959780
-0.0846338272
-0.0641012788
0.0890259147
-0.7625765800
0.9466871619
0.0468691587
0.6072027087
-0.2511302233
-0.3537310362
-0.6878771782
-0.2942535281
-0.1461315155
0.8266352415
-0.0371653438
0.4650887251
0.2277002931
-0.9671447873
0.3379552364
0.1618350744
-0.2885186076
-0.1709511280
0.4521050453
0.5492144823
-0.5073590279
0.5881776810
0.7504079342
-0.4163443446
0.3334520459
-1.3835699558
-1.2676171064
-0.1736445427
-0.3573688865
1.0302419662
-0.5081127882
0.0501797199
0.0061821342
0.0933759212
0.0580212474
0.5951508880
-0.7171849608
-0.1559596658
-0.6171561480
-0.0127764344
0.1317779422
-0.1498385668
-0.4068303108
1.2371029854
0.9351584911
-0.5209636688
-0.4975979328
1.2107622623
0.5371205211
0.9080402851
-1.1994228363
1.0363378525
-0.5726562142
-0.5145933032
-0.4281665087
0.2403097153
0.4578199387
0.1807919741
0.1142294407
-0.1204332709
-0.0871124864
0.0006134510
-0.0838439465
0.6863179207
2.0083045959
-0.5148541331
0.9974981546
1.1560539007
3.2926936150
-0.5540690422
1.7867324352
-0.1000468731
1.0754280090
-2.0421538353
-2.7571463585
0.2715468407
2.6704707146
1.8397409916
1.2758612633
-0.7843219638
0.6402060986
1.1362280846
-0.8506305218
0.6032104492
-0.2110057473
0.0666809678
1.3464667797
-2.3994405270
0.8995511532
-0.9970170259
-1.3851689100
0.2132985592
0.9541308880
0.5676108003
-1.0656279325
0.3318222761
0.9629613161
0.0610589981
1.6160885096
0.1218290925
1.0755267143
1.9441499710
0.3664381504
1.6151537895
0.7802844048
-1.5133286715
-1.4398083687
0.4133895636
-2.0553703308
-0.6925656796
-0.8101377487
0.9539486766
-0.7994451523
0.0033091307
0.0745008588
-0.4261220694
0.0459861755
1.7419339418
0.2010765076
0.7219692469
1.6326476336
-1.3075184822
0.0074997544
0.3082939386
2.1326031685
-0.1238539219
1.3091857433
0.2587227821
-1.6382554770
0.1555016041
-0.2332146764
-0.1833243370
-0.3578240275
-0.4117494822
-0.5592110157
-0.3436222076
1.4205265045
0.0003383160
-0.5119304657
0.0438027382
-0.2494777441
0.7923513651
0.8963575363
0.7304510474
-0.3001825809
-0.1620372534
-0.4464461803
-0.1904281378
0.8044431210
0.4734758139
0.3792675734
-0.5565240383
-0.5299850106
-0.7007568479
-0.9250696898
-0.9972567558
-0.1504408717
0.7665180564
-0.7487143874
0.4487599134
0.7229631543
-0.0240474343
-0.1301506758
0.4364370108
-0.2036213279
0.1878293157
0.0736202598
-0.3308087587
0.1129942536
0.2336679697
-0.6863530278
0.3571977615
0.4241147041
0.1028842926
-0.5536868572
-0.0570928454
0.7069137096
0.2123144269
-0.2435072660
0.0908524394
0.0059688687
-0.1888762712
0.1006215811
0.0141432285
-0.5218709707
0.3922670484
0.3649964929
-0.2518787384
0.2612787485
0.4591906667
-0.4421952963
-0.5025867820
-0.4603434801
-0.2039144635
-0.3051797152
-0.8252711892
0.1958208680
-0.3745751381
0.2277758121
-0.0167911649
-0.1084524393
0.5778214931
0.0989413261
0.1905457973
0.0322176218
-0.3084141016
0.0952000618
0.3029347062
-0.2476924658
-0.1886361837
-0.4694983959
0.3471076488
0.5357719064
0.4387108088
0.1690047979
-0.1957322955
-0.1444836855
-0.1002806425
0.3564584851
-0.2531244159
-0.0534809232
0.0756053329
-0.2733379602
-0.2899938226
-0.8287199736
-1.0923384428
1.5957129002
-1.2709326744
-1.1478905678
-0.5311161876
-0.9343776703
-0.5217609406
-1.3709303141
-2.2284607887
0.2998408079
2.1780197620
1.6222720146
-3.2962598801
0.1828385592
0.8616130352
1.0369076729
0.0144263506
0.0979955196
0.2537983656
0.2176263332
-0.0455385447
0.1786669493
0.6401271820
-0.6349045038
0.2796353698
0.5431572795
-0.2468850613
0.4067696333
0.5828031301
-0.5365873575
-0.8323667645
0.4791435599
1.2941967249
-0.5465736389
0.3545744419
-0.2776152492
-1.1343110800
0.2762736678
1.3141279221
-0.8785860538
-0.5496631861
1.5272967815
0.0760357380
0.4151481986
0.7819699049
-0.5319752693
1.5234771967
-0.0855233073
-0.2195340395
-0.2879832983
0.0705819130
0.2389155030
0.3113715649
0.4094996452
-0.3623975515
-0.0716509819
-0.2109295130
0.0949005485
0.0540254116
0.0148817301
0.0515626669
-0.3386363983
-0.0514512658
-0.0063790083
0.1033688784
0.7809666991
0.7591906190
-0.0118472576
0.7769080400
-0.4447225332
0.2712908983
0.3171049953
0.3823981285
-0.0004385114
0.5650182366
-0.2827051878
0.2004177570
0.1615591645
0.6627494097
0.6261041164
0.0758340955
0.3012431860
0.4902576208
-0.4360233545
0.1304653883
0.3356503248
0.2072820663
-0.7565801144
0.7161154747
0.2788261771
-0.0255321264
0.1659224033
0.1585845351
-0.8807148933
-0.9634504914
-1.9876496792
-0.0570050478
-1.0162273645
-0.2543929815
-0.3396291733
-0.6249189377
-1.9287068844
0.8221052885
-0.2730108500
-0.3065118194
2.2872281075
0.5667130351
0.9740756750
-0.6230278611
1.2981944084
-1.3681681156
-0.5963665843
-0.6805036068
-0.1796739101
0.8568036556
-0.3122868538
-0.6847262383
0.3838582039
-0.4898535013
0.1117374897
-1.5988125801
-0.3125581741
0.4998160601
0.1082152128
0.7765038013
0.0920623541
-0.5416560173
-0.4150328636
2.6620712280
-0.2382539511
4.1339855194
-2.3419704437
1.8262083530
-3.1841053963
2.1856021881
1.0202771425
3.1300806999
0.9898744822
1.4584028721
0.2855468988
3.5833277702
0.9394474030
3.6642961502
-0.0298680663
-0.7965586185
-0.5560276508
-0.2671087980
1.2886003256
0.6483903527
0.2449023128
0.3076630235
-0.0246043205
0.7269396782
-0.8737317324
0.8276745081
-0.0965780020
1.9509273767
0.6385572553
1.1173887253
-1.0664864779
1.0385776758
0.0883760452
0.3611535430
0.0520734787
-0.2647196054
-0.4527631998
0.0829944015
-0.0046322346
0.5984419584
0.0444781780
0.1840761304
-0.1531230807
-0.3765891790
-0.0286496878
0.5558601618
-0.1400651336
-0.3957913518
-0.2847743034
0.0241611600
0.4427447915
-0.1498140693
0.1080055833
-0.7354058623
-0.0144217014
-0.3531780243
0.2934877872
-0.0047509670
-0.1364348531
0.1627064943
0.1290343404
-0.1963643432
-10.3938493729
-5.2533416748
1.9248805046
-0.8069958687
8.6499462128
2.9368591309
-15.9651260376
-3.4003710747
9.4126930237
18.7370471954
11.5910263062
5.1196556091
-5.5495419502
17.9490814209
-6.4484558105
3.6160180569
0.3677515388
0.7437120676
0.7245225906
0.2075890303
0.3258125782
0.8564137220
-0.6058298945
1.2032903433
-1.6139749289
-0.0412038565
0.6824078560
-0.4504634738
0.6531221867
-0.8831290007
-0.2961717844
-0.4004569650
-1.5743415356
0.2633364201
-4.1243019104
1.9114875793
2.3579931259
-2.9016916752
-5.3275976181
0.4729216099
-2.9814391136
-0.1682382822
-1.7087364197
-0.0233011246
2.1507844925
3.7662889957
3.3750038147
3.5320050716
-0.9683686495
0.2887929678
-0.2429460287
0.8521273732
0.5056690574
-0.6646178961
0.4142737389
-1.7975916862
1.2154967785
-0.4876421094
0.6151541471
1.0814610720
-1.2289564610
0.4881927967
1.1836149693
-0.4666000009
0.1194685102
-0.4521754980
0.8965412378
0.2116496563
0.1439238191
0.0137910843
0.6161596179
1.1938619614
-0.2007289529
-0.6973801851
-0.2902037501
0.3119072318
0.0328651667
-0.7627238035
-0.1054680347
0.1105936170
0.4161270857
0.2003422976
-0.0023493767
0.0271449685
-0.0882616043
0.0618684888
0.0973834991
0.0626007915
-0.0573152304
0.0930001736
0.1829934716
-0.2083812952
0.7504937053
0.0588666201
-0.4399328828
-0.6499581337
-0.8629983068
0.2269983888
0.0246914625
-0.2837999463
0.0061572194
-0.2787346840
0.0123142600
0.1328735948
0.2063166499
0.4996869564
0.2856417298
0.0328298807
-0.0324236751
-0.5031162500
0.1734713316
0.2257090807
0.0594039559
-0.6454161406
-0.2171537876
-0.3336238861
0.8610511422
0.3578620553
0.1343362331
0.3962158561
-0.1909085512
0.5129921436
0.5319942236
-0.6508480310
-0.5710364580
-0.3877379894
0.1261472702
-0.0594187379
-0.5980404019
-0.9792408943
1.6308110952
-0.2841553688
0.4809224606
0.7814217210
-0.2073193789
0.1803146601
0.2466886044
-0.8070288897
-0.1778976917
0.3261618018
-0.4084315300
-1.4573780298
0.0461294651
0.0808730125
-4.7582488060
-3.0562076569
2.9057815075
-2.1615595818
-3.7175109386
2.9334657192
4.0370635986
-1.5625040531
7.1411299706
0.2505474091
-4.3182749748
1.9922728539
4.1777825356
-0.6092307568
-0.3295629025
-3.4644103050
7.8254032135
2.0337457657
8.2781810760
6.5749139786
3.9702091217
-2.3593139648
11.2756767273
5.8018474579
0.1559822559
4.5509395599
-6.1952552795
-4.3654303551
-5.4576034546
2.5627050400
-2.9266159534
-0.2451989651
-0.6412299275
0.4248033762
-0.9024917483
0.9511882067
0.4317579269
0.5429050922
0.5756040215
-0.8796182871
0.5515997410
-1.2015596628
-0.9397878647
0.5017384887
-0.6053889394
1.0266180038
-0.2266411781
0.2716602087
0.0305335522
-0.0023146272
-0.0951905251
0.1811091900
-0.5685933828
-0.1429443359
-0.7661340833
-0.5375097990
0.2014435530
0.3534144163
-0.0421332121
0.9130538702
0.9231795073
0.1098434925
-0.5328192115
0.0012910366
0.1310992837
0.4674504995
-0.4357897639
0.2452512383
0.2481913567
0.2769733667
-0.3366152644
-0.2426309586
0.7439764738
0.5156900287
-0.5058796406
0.5050530434
0.1459212303
-0.0310884714
0.0676591992
0.6638594866
-1.0071190596
-0.8792586327
0.8675132394
-0.2628717422
1.5009915829
0.0016936064
0.9434519410
0.2788500786
-0.3438078761
1.2008650303
-1.3361195326
-0.5640595555
0.8178871274
-0.8729711771
-0.8002865314
0.0266664028
-0.4622925520
-0.2424422503
-0.3122869730
0.3337928653
0.3198870420
0.0826423764
0.3334848285
-0.1868982911
-0.4185512066
-0.1307808757
0.3621633649
0.0071931481
-0.1224749088
0.0685999393
-0.2418203354
-0.3887705803
0.0278922915
0.0320540667
0.1323718429
0.6853224039
-0.7847014070
0.0758050680
-1.0777810812
-0.1270966530
0.1045507193
0.1665669680
-0.1905094981
1.3055478334
0.8666915298
-0.0155160427
-0.6463975310
1.0830371380
0.1340780258
1.3750514984
-0.3930160403
-0.1473925114
0.0177999735
0.5360850692
-0.9015175104
0.4084609747
1.4381337166
-0.2302603722
0.5930116177
-0.2006101012
1.9567680359
0.3873343468
0.8832582831
0.2325044870
-0.3295095563
0.9228186607
0.4397785068
0.2193855643
-0.5496316552
-0.0259506702
0.7169826031
-0.2451760173
0.2187753320
0.2212228775
0.6484656930
1.0426039696
-0.3141573071
-0.7944502234
-0.4418327808
-0.9380803108
0.0351161361
-0.5358120203
0.2046370506
-0.1804463267
0.0964117646
0.0525120497
0.2903795242
-0.2203362584
-0.3947235346
-0.0415226817
0.2897289991
0.1071122885
-0.1943331957
-0.0238757730
-0.0484547615
-0.2217432857
1.1814726591
0.6168643236
0.0004357696
0.4582836628
0.2423324585
0.3446282148
0.2089468837
-0.2269884944
-0.0737042427
0.0331652761
-0.1009279490
0.3705044389
-0.0115193129
0.7933556437
0.0673636198
-0.5699344277
-0.0535988808
0.1469634771
0.0548310280
0.3599444628
-0.2866008282
0.3886069655
0.4874396324
0.2805604935
0.0166735649
-0.1829600334
-0.2981442809
-0.0151875615
0.5320219398
-0.1500260830
-0.1636520624
-0.5107565522
-0.6890884638
0.1478391886
-0.1441777945
0.0099189281
-0.3031876087
-0.4291067123
-0.3984100819
0.1790624857
-0.1367439628
0.6473898292
-0.0446898937
0.3519487381
-0.3563011289
-0.1887139082
0.2174599767
0.1626448631
-0.2941315174
-0.5333483219
-0.1217196584
-0.2723892927
0.1670073867
-0.0471950769
0.7953100801
-0.4591308236
0.3362516165
-0.5731302500
0.1472781301
0.3495079875
0.1315826774
-0.2983924150
0.0403500795
0.2085158825
0.3198611736
-0.0939633846
1.0477370024
-0.1354672909
-0.1601082087
1.2204917669
-0.0887432098
-1.2198046446
-0.3642002940
0.2183048725
-0.1614465714
-0.2785432339
0.3064324856
-0.1816455722
0.0463832617
-1.7489918470
4.0317068100
3.5551395416
2.9519300461
4.0618700981
-5.2126398087
-0.2428534627
-0.3102086782
-1.9023666382
2.1072025299
-2.7659802437
4.8262414932
3.3942630291
-1.1444790363
1.7442911863
-3.5337114334
6.6016879082
-0.3318459988
0.2233769894
0.4365529418
-0.1028224826
0.5312594175
-0.3676346540
0.2646415234
-0.6656594872
0.0804240108
-0.5069985986
-0.4321747422
0.1335669756
1.1092153788
0.4729890823
1.0642343760
0.6598037481
2.5773787498
0.2430446148
0.5565982461
-5.8661241531
0.1833909154
2.5895576477
3.4298138618
0.5573502779
-0.1469554901
1.0785105228
-0.8753126264
-2.1021809578
-2.5975959301
1.2241245508
0.7887074947
-2.3217270374
-8.3548612595
8.6406373978
-4.0760049820
2.0780518055
1.6797180176
0.8621909618
1.2303450108
-1.9789180756
2.6618833542
-2.6949427128
-1.2458548546
-4.9596233368
2.6223793030
-6.1638464928
-2.4004497528
-10.1629629135
-1.6918734312
-0.6625586748
0.7463849783
-0.2768607736
-0.7410967946
0.9216474295
0.8427109718
0.6894388795
-0.6185049415
0.0945480466
-1.0987416506
-1.2686665058
0.4566414356
-0.1282033920
-0.4828039408
-0.3638694286
-0.2629396915
0.0557155609
0.7699375749
0.0805071592
0.3152118921
0.4000869989
-0.1009938717
0.4152596593
-0.6061599255
-1.5009927750
-0.3746165037
0.8927260041
0.4030682445
-0.3115241528
0.4241061211
0.4690603018
-5.8201546669
1.6759308577
2.7482919693
2.9228310585
5.7289652824
4.6521568298
3.5845389366
4.2968015671
-4.0915069580
1.0901057720
3.5871739388
-0.0744252205
-12.2655725479
-8.9802656174
-0.2392325401
-2.0662624836
-0.1937574744
0.5360676050
0.1181524396
-0.2880235314
0.4419149160
-0.0559055805
0.5058901310
-0.5146977305
-0.2940495014
-0.2212380767
0.3378525972
0.3862629533
-0.5179363489
-0.0120531917
0.0777687430
-0.1619032025
0.2885570526
0.1408033371
0.0058070421
0.1940418482
-0.8399835229
-0.0627231002
0.0787407756
0.5056080818
0.1029767394
0.1151452661
0.5642924309
-0.3293573856
0.3709174395
0.2988482714
-0.9707617760
0.3231723309
-0.4836093187
0.5516535640
-0.5482003689
-0.5448495150
-0.0390966535
0.2851969004
0.5976498127
0.0093079805
-0.6617943645
0.5363222957
-0.7814850807
-0.5142734647
0.2678191662
0.6124373674
0.2855045795
-0.5673990846
0.2457267046
-0.2600459456
0.4030734897
-0.1500555277
-0.2103067040
0.3021216393
0.0684063435
-1.0870865583
-0.3504687548
-1.0138885975
1.0960514545
-0.2870959044
-0.2191036940
-0.2829232812
-0.3021693230
-0.2919012308
-0.1048694849
-0.3126801848
0.6059657335
-1.4181092978
0.8728768826
1.1248720884
0.2771373987
-0.4539108276
-0.1084383130
0.7672504783
0.8734202385
0.4558256269
-2.0779361725
0.5131489635
1.4704366922
-0.2494379282
-1.9046076536
-0.6036462784
0.9491726160
0.0980017781
2.1289091110
1.4922831059
0.0042185187
-1.7004007101
0.4654018283
-1.0990226269
-1.6916407347
-0.9938807487
0.2557341456
-0.3935768604
0.3975288868
-1.3684734106
-0.5853183270
0.8201854229
-0.5032215118
-0.5566502810
0.2103844881
0.0946515799
0.4245468974
-0.4739078283
-0.4778419733
0.3497625589
-0.5689151287
-0.8221675158
0.4013894200
0.7437605262
0.4136945605
-0.2433575988
3.3596894741
1.4302687645
1.9478677511
0.3825285435
-0.6881235838
-2.2134087086
0.2363673449
4.3431534767
0.2044802904
2.0042784214
-1.1794183254
0.3881295919
2.9534027576
3.9223041534
-0.2175248861
-0.6002184153
0.2156348825
0.3330154419
0.6015865207
-0.9582033753
0.4931115508
-0.1463976502
0.6367656589
-0.4571260214
-0.6628815532
-0.1191813350
0.6998025179
0.5232532620
-0.7257711887
0.4430104494
0.3896470070
-0.1680170298
-0.9577776194
-1.5576128960
-0.1736730337
-0.7051602006
0.9934192896
0.8488116264
0.2107245326
-0.2569632530
0.2701607347
-0.1197940707
-1.9162075520
-1.7398740053
0.1620599627
-0.1317460537
-0.1679766774
-0.8442531824
-0.1817110777
0.2144633532
-0.2794256210
-0.0654067993
0.2613041401
0.1929537058
-0.1082990170
0.0230424404
-0.0109457970
-0.1712470055
-0.6945577860
0.1179454327
0.3908095360
-0.1995102167
-0.0616129041
-0.0249635577
-0.2512159348
-0.4278261662
0.9619609118
-1.1974701881
0.0574055910
0.0254952908
0.0562664866
-0.6071982384
0.9102734923
-1.3015314341
-0.0305015445
-0.1871879101
0.3454158306
0.5384913087
-0.4377804399
-0.1252684593
-0.2958484888
-0.1044963598
-0.3754967451
0.2707366943
0.6386932135
-0.0139211416
0.7973392010
0.3162708879
-0.8125343919
0.5288270116
0.2423489094
0.5390031934
-0.1664090753
-0.0890342593
0.4087716937
0.0441038609
-0.1902343631
-0.6116713881
0.2033945322
-0.2970448732
0.1294069290
0.4282184839
0.0725082159
0.1199060678
-0.2971539497
0.6294776797
-0.1620570421
-0.6535452008
0.5043569803
0.2658774853
-0.5202736259
-0.2841409445
-0.3869308233
0.2551635504
-0.3325927258
-0.3523987532
0.0559086204
0.1956960559
0.2670001984
-0.0555188060
-0.5163614750
-0.0260120630
-0.6470563412
-0.2004762292
0.3189519048
0.4067037106
0.3111844659
-0.1602464318
-0.4214088917
-0.0526381135
-1.1156097651
-0.7333807945
0.2506350279
0.7044311762
-0.4698838592
-0.2372872233
0.1322448850
-2.1589756012
0.7914479971
0.3582464457
0.6141767502
0.1018512249
-0.3471503258
0.2731040716
-0.7757705450
0.6961669922
-0.7147028446
0.7043272853
0.4304662943
1.0955719948
0.3535703421
0.1851104498
-0.8796759248
0.4900475740
-0.2879792452
0.6687271595
-0.4747149348
-1.0413486958
0.3041760325
-0.7197790146
0.1609158516
-0.3043786287
-0.9807660580
1.0884867907
-0.2712540627
1.4662424326
0.3212394714
0.5100274682
-0.4937338829
-0.1896262169
-0.3866751790
-0.7461277843
-0.2128425837
0.0035381317
-0.5082666278
-0.2714022398
0.0021690130
0.6155094504
-0.3351438046
-0.3051255345
0.4106103778
-0.1243728399
0.4919164777
-0.1041134596
0.0287124515
-0.0754290223
-0.8071221709
-0.4188891649
0.4716823697
0.2904284000
0.1779062748
-0.1911411285
-0.4396967888
2.4018096924
-2.9025640488
-0.3106009960
0.9007323384
7.5344386101
6.9872884750
2.7783455849
-3.8265607357
-0.2767182589
0.9400556087
1.7214603424
-3.4690656662
-6.1313161850
1.1463130713
-5.0150213242
-2.4300150871
0.1340304613
-1.3327881098
1.5160849094
0.6618860960
0.4145578742
0.7324380279
0.5262861252
0.4324591160
1.0363514423
-0.5762602687
1.8505576849
1.1817563772
-0.3055649996
-0.9873785973
-1.4874954224
0.8284077644
-0.3040155172
0.1691595316
0.1556004286
-0.5070577860
-0.4260410070
0.0313423872
0.4661023021
0.1809985638
0.3264114857
0.5926307440
-0.0394595265
0.6076096296
0.3491061926
-1.3063268661
0.1823674440
-0.8855761886
1.3514288664
0.7883701921
0.7910915613
0.7014670968
0.7480347753
-0.5979422331
-0.5297526121
1.6088848114
-0.9879111052
-1.4076948166
-0.1476426721
0.3024241924
-0.8965336084
-0.9097124934
0.5855596066
0.6946411133
0.0715129375
0.0517179966
-1.0544897318
0.2260790467
0.3243511915
0.6730971932
1.2780293226
-1.1794627905
-0.4848641753
0.1361641288
-0.1255021095
-0.0916721821
-0.3107143044
-1.0389784575
-0.3280001283
-0.5246701241
0.4876427650
0.0554533005
0.2481446862
-0.0914388299
-0.1558595896
0.3643575907
-0.0796394944
-0.2232518196
-0.1912282705
-0.2550272942
-0.3646204472
0.3057289720
-0.4686836600
-0.3464395404
0.2459712029
-0.5265932083
5.5782999992
5.0967063904
5.8970851898
5.3697013855
1.8099908829
-0.4486260414
-1.4682477713
-12.4354658127
12.4536619186
24.1956844330
13.4104194641
-5.1479625702
5.9973988533
-4.0132231712
0.2509150505
-0.0510597229
0.7123000622
-0.1598832607
-0.8941241503
-0.1261360645
0.3116462827
0.5853729844
-0.2219069004
-1.3308658600
0.9113762975
-0.9624356031
-0.9995703101
0.5439009666
0.6733177304
0.3711254597
-0.5951002836
-1.0476253033
0.3987567425
0.1917241216
0.0957724452
0.3393113613
-0.4692531228
0.2346476316
-0.4474600554
0.8965450525
-0.4315463901
-0.3498041630
-0.1870297790
-0.8929949403
-0.8433988094
-0.6020759940
0.0837185979
-0.7920674682
1.1908664703
0.1015933156
-0.0548161268
0.0762126446
-0.3052797914
0.7793848515
-0.7118676305
0.6766448617
-0.8461345434
0.0820366144
-0.7211201191
0.0253283978
-0.6053574681
-0.7219974399
-0.5638849139
-2.8232076168
0.1667300463
1.4612245560
0.4032760859
3.0788757801
3.2461032867
-0.7061244249
-3.1313929558
-1.3343169689
0.5897084475
-1.3415647745
-2.2968239784
-0.7956485152
-0.5349602103
0.8841727376
-0.7743587494
-0.4516874552
-0.5409969687
-0.0251169205
0.2495143414
-0.3549275994
0.7958873510
-0.2291094661
0.2306616902
-0.6062512398
-0.7029634714
-0.7818828821
0.3118110299
0.4137960672
-0.3041671515
-0.4864011407
0.4044478536
1.0705370903
-0.5096002817
0.9464748502
1.4950687885
-0.4153820276
0.1918140650
-0.1588296294
-0.5682936311
-0.9260194302
-1.1712027788
1.8317146301
-0.3914710283
-0.4213635325
-0.5637888908
-0.0412558317
-0.6246756315
-0.1487786770
0.4345782995
0.4197611809
-0.8121731877
0.3463088870
-0.1936596632
0.6319957972
-0.2296289206
-0.1739563942
0.6339277029
0.1903809309
1.0646766424
-0.5849358439
0.9128478169
-0.2352498174
-0.2228740454
0.3710440397
0.5691147447
0.0508137345
0.1328779459
-1.1353709698
0.0538940430
-0.2681441307
0.0588756800
-0.2534084320
0.6019483805
1.3192545176
0.1650077701
0.3111710548
0.4241912961
-0.5882741809
0.9235773683
0.3498915434
0.6775093079
-0.1414436102
-1.2583589554
0.7796725631
0.4811216593
0.9660429955
0.3105573654
-0.8996743560
0.8560741544
-0.4735414386
-0.8123600483
-0.0800341964
0.2653008103
0.0722889900
-1.0132435560
-0.6516093612
-0.0142946243
0.8922231197
0.2193007469
1.5225207806
1.1174603701
-1.3809708357
-1.4764742851
1.0739383698
-1.9985356331
1.9360824823
-0.3608440161
-1.1563538313
-0.5151142478
0.1777671576
-0.1901017427
-0.8841120005
0.5948522091
-0.0311222672
-0.0258842707
0.0229626894
0.1185845137
0.4996103644
0.0535956621
-0.4505900145
0.2838538885
-0.2060269117
-0.2115307450
-0.0352114439
-0.1979782581
-0.1462891102
-0.2731253505
0.3862294555
-0.2437056303
0.1345684528
0.4671507478
0.3098386526
0.2439085245
-0.1688458323
-0.3235798478
-0.1617412567
0.3640198708
-0.2856758833
-0.5634818077
0.1896654963
-0.0272730589
-0.4539626241
0.4438040257
-0.4707795978
-0.2385091782
-0.4899170995
-0.1291499734
0.1061280966
-0.2093433142
-0.0604267120
-0.1147793531
-0.3405966759
-0.7280656099
-0.4825302362
0.5843284130
0.0314764977
0.7451252937
0.1033186913
0.3110872507
-0.5675197840
1.2916812897
0.3134448528
-0.1395722032
0.1836869717
-0.3238766193
1.3372299671
-0.2197837234
0.4480085373
0.4183554649
-0.8663930893
0.1841750741
-0.3953356147
-1.3210693598
-0.7498623133
-0.6163136959
-0.5128870010
0.7586725354
0.6147074699
0.0692274570
0.3007675409
0.6879173517
-0.4567816257
0.3300868869
-0.7637629509
0.2122897506
-0.1877025366
-1.9093644619
1.3100255728
-0.9552121162
0.0551726818
-0.1624096632
-0.2838022709
-0.1900998354
0.1715785265
0.1619502902
-0.1076707244
0.1424903274
-0.1516919136
0.3926529884
-0.8532571197
0.9445996881
1.2610061169
0.1346605420
-0.2614797950
0.4442240000
-1.1559265852
0.0947011709
0.1575525999
-0.2363284826
-0.1120704412
0.2289788723
0.1194841266
0.3397240639
-0.0813664198
0.0049010515
-0.1477507353
-0.3041068316
-0.6885345578
-0.1365745068
1.1056271791
-0.4567867517
0.3995336294
0.1689712405
8.1546745300
-1.7937548161
2.3186919689
-3.1884965897
-1.8950581551
3.9640734196
-0.3223524094
3.9914503098
-7.2431297302
-4.0939350128
5.8956408501
4.1230950356
8.5823478699
6.2092132568
1.0379436016
-3.0966496468
-0.0122474432
0.9899315834
-0.5317279100
0.0859194994
0.3787871599
-1.9595953226
1.2014827728
-0.2540339828
0.8176117539
-2.0244274139
0.1933851838
0.2406663895
0.0967495441
0.7858678102
-0.8260406256
0.7168769836
-0.5054185987
0.9857934117
1.0604548454
0.2848659754
-1.2608110905
-1.3360788822
-0.0305125117
1.9482411146
-2.4082350731
1.2241909504
3.1887505054
1.8647139072
0.2270830870
1.2629907131
-0.8569058180
1.2208170891
-0.4437571764
-0.2214541435
0.3817058802
0.1092436314
0.6593378782
-0.8727581501
0.4643096924
-1.0711674690
1.1362986565
-0.4614435434
-0.6408562660
0.5059331059
1.3829039335
0.8216863871
1.5640528202
0.8274220228
2.1267027855
3.2894940376
-1.5932093859
1.7354595661
-0.6569939852
2.8604450226
0.0878798962
2.4976935387
0.3212993741
-2.3368277550
0.0572929382
-1.0860975981
-1.1583912373
-1.0259613991
1.6398203373
-2.8047957420
0.2120729685
-0.6367756128
0.0043422580
0.0408011675
0.4150182009
0.2136044502
0.5084674954
0.2621695995
-0.7735844851
0.5443171859
0.2426050901
1.1300153732
-0.6662415266
0.5036020279
0.3972997069
0.8792542815
-0.4500048161
0.0460106134
0.3242186308
-0.0849813223
-0.3857369423
0.4244676828
-0.2958322763
0.2674230337
-0.5488884449
0.7670711279
0.2795751691
-0.7467809319
-0.1603601575
0.3986620307
-0.6816298366
0.7109036446
6.9083046913
-13.1351480484
4.3709516525
10.8311014175
14.9540529251
17.6990108490
-23.9907760620
11.0293769836
9.2244768143
-13.6054325104
6.7419910431
16.5644187927
-13.0613765717
-27.9837913513
-20.0664234161
3.0365896225
-1.2933516502
0.8473588228
-0.2657485604
-1.6551891565
0.1474223137
-0.4167451859
-0.0355392694
-0.9795512557
0.8731483817
-0.4623104334
-0.5501495600
-0.2211090326
-0.5543063879
-0.1439983249
-0.8367468715
0.4919103384
-0.2567756176
0.7563314438
0.1762953401
-0.0648061633
-0.1023531556
-0.1654925346
0.4322822094
-0.7510216236
0.2175849676
-0.7007477880
0.0044009686
-0.2078897953
-0.5585384369
-0.3053257465
-0.3359287977
0.1581585407
2.2248597145
2.3642480373
-0.6463373899
2.3751773834
-6.0428271294
0.1527575254
1.0910112858
-0.4103828669
-0.2083852291
-1.2916344404
0.3983232975
-0.9327381253
0.6919518709
-0.2966213226
1.4188344479
4.7674651146
0.1117315888
-0.4485999346
0.1669290066
0.6844537854
-0.2027807236
0.8926689625
-0.9984543920
0.4945280552
-0.4754365683
-0.9389868975
-0.7907325029
0.2775393724
0.6648696065
-1.0828078985
0.0038316250
0.2265043855
0.1437330842
0.5740910172
0.1179401278
-0.6775012016
-0.0031173229
-0.0848022699
0.5576834679
-0.1236207485
0.2140537500
-0.2396141887
-0.0506450534
0.2336268425
0.4303246737
0.1678737402
-0.3993549943
-0.3302635550
-0.9383867979
1.1713175774
-1.0973787308
0.5542514920
0.1354823112
-0.9065737724
1.7834947109
0.4356850386
0.4048277140
0.1041771770
-0.5647593737
-0.6013604403
-0.1468934417
-0.4137851596
-0.5691108108
-0.6046102643
-0.4266568422
0.0881949663
-0.4448219538
-0.1478970051
0.4375355244
0.0977042913
0.9882234931
-0.7266802788
0.9763638973
1.2393108606
0.4958787560
-0.4616452456
0.0660908818
0.8786502481
-0.4410591722
0.5794031620
-0.9257713556
-7.2005028725
9.2699565887
-2.3210906982
3.9408798218
0.7312372923
-6.1165695190
2.0519270897
1.0733160973
-14.7428131104
-0.2108628750
-1.5311508179
15.0305891037
2.6286747456
-4.8684792519
-4.8150649071
-0.1394874454
0.1009119749
-0.4612860680
-0.2688236237
0.2222216725
-0.0261936188
0.3318384290
-0.5745790005
0.0031187534
-0.8815273046
-0.0011094809
0.1406935453
0.4152581096
0.0932946205
0.1701144576
0.6420351267
-1.2666357756
1.0681580305
1.1120316982
1.1550120115
-0.6088814735
1.1704829931
0.3533174992
0.2227450609
-1.7272459269
0.9184206724
1.4839168787
1.2049357891
-1.5621737242
0.0563796163
0.9969395995
-1.7829238176
0.1557363272
0.5602788925
0.3381630182
-0.5031671524
0.6766345501
0.9491028786
-1.4266455173
-0.3475500345
0.3930308819
-1.7273120880
-1.6507612467
-3.6618247032
-1.6244447231
0.2569340467
-1.3898103237
1.3580567837
-0.9304214716
-1.0493041277
-0.1672803164
-4.0965628624
2.4794826508
-0.4947019815
2.2043063641
-0.5211201310
-1.9826208353
-7.8967866898
2.2514972687
2.0308663845
-2.8636648655
-1.3543611765
-3.1168661118
-0.9917435646
-0.3451631069
-0.4409182072
-1.1286761761
0.1409570575
0.0135505199
0.2502743006
0.0296834707
-0.6528143883
-0.7968462706
0.3350890279
-0.2322875261
-0.0765820742
0.5635266304
-0.3466108441
-0.6588314772
0.5050678253
0.5013681054
0.1372293234
0.7459136248
0.3836526275
0.7101106644
0.2401142716
0.1813760996
-0.5007410645
0.7950024009
0.4150981903
-0.4371871352
0.3477765322
0.0828351974
0.1572642326
0.7378746271
-0.2649105787
-0.8029136062
-0.9686532617
0.4393760562
-0.0744193792
-0.7254617214
0.1556780934
1.1250914335
-0.5310015678
-0.7572311163
-1.0511012077
0.9617154002
0.2440320253
-0.7645018101
-0.0430387855
-0.6666485667
0.1104122400
1.2586580515
1.6170938015
0.5858517885
-0.4792553782
-0.1122601032
0.5214331746
-1.0014461279
-0.6084682345
-0.8090915680
0.8515231013
1.0979255438
0.3956372142
-2.3525893688
-0.8541147113
2.4947330952
-1.0124182701
-19.7902412415
-54.0298118591
25.3869132996
-34.6172370911
-28.5916633606
-4.3244891167
5.8001909256
29.1593360901
-30.9162979126
41.0345306396
-13.4824237823
8.6267375946
9.8862209320
0.4658527374
-11.4987277985
28.3503818512
0.0490499735
0.4003250599
0.3352009058
0.1874474287
0.6121641994
0.6626086235
-0.0549614429
0.1031165123
1.2946696281
0.2643051744
0.8954443932
0.2044097185
0.6081178188
-0.5598066449
0.3018565178
0.5306670666
-0.7765400410
-0.4902859926
-0.5505632162
0.2057449818
-0.4771946669
-0.3083787560
0.9848663211
-1.1554076672
0.7148593664
1.4488867521
-0.3190168142
-0.2398503423
0.3360843658
0.7924742699
0.2899277210
0.8768055439
-0.3053904772
-0.2324747443
0.3523252010
-0.1504677534
-0.7255675793
-0.3535571098
-0.2852122784
-0.0204523802
-0.3671592474
0.7789320350
0.1926169395
-0.3220291734
-0.5329983234
-0.5250322819
0.0279546380
0.0546699762
1.1577235460
-0.0727024078
1.1414703131
-1.2922710180
-3.7741091251
-1.1899782419
-0.0681390762
0.4577595592
-2.4982128143
-0.0976005793
-1.1024935246
1.0585366488
-0.3807051182
-0.3620560169
-0.5827756524
-1.2739371061
0.4178098440
-0.5266758204
-0.0831117630
-0.1886522174
1.0531262159
0.4426697493
-0.1081998944
0.0163087249
1.3458633423
0.4968833327
0.4779276252
0.4062685370
0.6962609887
-0.4663715959
-0.3458192945
0.1159112453
1.3234983683
0.7321349382
-0.1798896790
-1.4904935360
-0.7529297471
0.3237713575
0.9695585966
0.4321910143
1.6239323616
1.0167696476
1.0154838562
-1.2854143381
0.1183735132
-0.2743246555
-1.4983886480
-0.6742726564
0.2445789576
-1.5571646690
0.5056444407
-0.1111972332
1.7709527016
0.4986736774
0.4795364141
-1.1151354313
2.1112558842
-0.6708343029
-1.5306547880
-1.6587684155
3.0365185738
-0.8824499249
-2.1192293167
1.7277851105
0.5636589527
1.1616224051
0.4069651365
-0.3207929134
-1.0496271849
0.1375649571
-0.1080620289
-0.2779001594
0.1819779873
-1.0675958395
-0.8299621940
-0.1517473459
0.5801732540
0.0050723553
1.1275615692
0.0381571651
0.1265745163
-0.3049419522
0.1629077792
-0.0046712756
0.3243446350
0.4829649329
-0.2032499313
0.1362320781
0.7560402155
0.4493229389
0.5063345432
0.0167895555
0.3600091934
-0.3477742672
-0.0818747282
-0.4377356172
-0.3709220886
-0.1134979725
-0.5092564225
0.0999107361
1.2962594032
1.1048820019
0.2095977664
-0.5203408599
0.7140710354
0.9648927450
1.7936239243
0.9966932535
-0.8837298155
0.3392128944
0.1188965440
0.6814513206
-0.0336072445
0.9087619781
-0.0956982374
-0.6071983576
-0.5005826950
0.4001511335
-0.0592721105
-0.6000689268
0.9565601349
1.3053395748
-0.3668282628
0.4390952587
-0.5835995674
-0.4814962745
0.0422511101
0.8119176626
4.0600061417
1.2121186256
-7.8302855492
2.2898368835
12.0261106491
9.5810289383
2.4610886574
4.7728924751
21.3410873413
-15.0661630630
0.9562498927
4.8648233414
1.6056995392
-3.2590553761
-1.8882317543
-15.8186454773
0.4073613882
-1.2774051428
-0.4901149273
-1.3543012142
-0.9650825262
0.7666760683
-0.0710247159
0.0344250798
0.9646240473
-0.2299036384
0.6437205076
-0.1806217432
0.4705806971
-0.3920881748
-1.1001771688
-0.2527055144
1.0645654202
0.4469487667
0.0154254436
-0.8470605612
-1.2812840939
-0.6192635298
1.1550557613
-0.2007062435
0.9536838531
0.4096961617
0.7437354326
-1.3441627026
-0.2459262013
-0.0802944303
-1.1538219452
-0.1433035135
0.2218401432
0.7663294673
0.5148196220
0.1484153271
-1.5178484917
0.4248992801
-0.1893533468
-0.0967784524
0.1524409056
1.5418425798
0.0770682693
0.1669889092
-0.6727634668
0.6421270370
1.8149442673
-0.6906818151
0.2423729897
0.7259577513
-0.7478091121
-0.0215430260
-0.5267628431
-0.2127280235
0.3531598449
0.2861545682
-0.0639089942
-0.6351723075
-1.2575685978
0.4431893826
0.5530889630
-0.7280292511
0.3153833151
-0.1069028974
0.8907958269
-0.2728112340
0.1972947121
-0.3927869797
-0.4861954451
1.1673427820
0.4425889850
0.0964176059
-0.1121740341
-0.5325953364
1.1552935839
0.8269075155
0.5791876912
-0.1843572259
0.1898375750
-0.7239271402
0.3013626337
-0.0033511519
-0.1649270654
0.0656450391
-0.4832271338
-0.7326694131
0.4637041688
1.0945663452
-0.2510139942
0.5466526151
0.7623524666
-0.4934221506
-0.1811871529
-0.4548238516
-0.5315917730
0.1736421585
-0.0720343590
0.1950544119
0.3121070862
2.1670410633
-1.4276862144
0.2452928424
-1.8972808123
-0.6658167243
-0.2926757932
2.9341723919
-0.2586010098
-0.4707412720
0.6300217509
0.8744964600
1.1250982285
0.2374348640
0.9697172642
1.3343520164
-2.1285917759
1.4074945450
-0.7100570202
-2.4989886284
-0.3039158583
2.2513489723
-0.7323222756
0.3389329910
-0.6483047605
-0.7977061272
1.1816738844
-0.2323129177
0.4586119652
-0.8783946037
0.1496324539
-0.6851432323
-0.2596254349
0.0377461910
-0.2399018407
0.2428553700
0.0663722157
-0.2273429632
0.2790421247
0.1154467463
-0.0794395208
0.3203264475
-0.0517963171
-0.1015097499
0.1581740379
-0.5566238165
-0.0334322453
0.1271365881
0.0510725975
-0.1410475969
0.0615715384
-0.1905683875
0.1444506049
0.0864478350
0.4007138014
0.0967682600
0.0256958008
-0.8298895955
-0.1530584693
0.1244155169
-0.3444920778
0.3083677292
1.2753132582
0.8245891333
-0.4805964231
-0.1089406013
-0.5960687399
-0.6681777239
1.0181720257
-0.3267474174
-0.2919479012
2.1141889095
-0.0988018513
0.4836076498
-2.1951265335
-0.0146321058
-0.0912504196
0.6894156933
0.2685807347
0.1982378960
0.2332063913
-0.2022131085
-0.6539826989
0.0836390853
0.5237579346
-0.3101498485
-0.0683543682
-0.1203230619
-0.6328783035
0.4966210723
-0.0908715129
-0.3340412378
0.4740269184
0.5288020968
0.0964244604
-0.0252166986
0.2943902612
1.4773778915
0.4306783676
0.2071526051
0.4280877113
-0.1289741993
0.5462607145
0.7152568698
0.2343896031
-0.1461368799
-0.6560705900
-0.8234137297
-0.0261259675
0.4072735906
-0.4511038065
-0.6385369897
-0.1144417524
-0.0810812712
0.1350790262
0.5736408830
0.2706526518
0.3753393888
-0.8572403193
-0.1556894779
0.4564768076
0.1494015455
-0.9016299844
-0.2294224501
-0.0164592266
0.5118475556
0.7107403278
0.9287232161
0.2222994566
-0.1096147299
-0.3220098019
-0.3785207272
-0.3486939669
-0.0854640603
-0.0090979338
0.5796138048
-0.2072757483
0.7740349770
-0.5677891970
0.5152071118
-0.0484632850
-0.0852175355
-1.1994965076
-0.7428525686
-2.8450448513
-0.4695854783
-0.4626935720
-0.3033274412
0.1696590185
0.3974199295
-2.1813263893
-0.7189998031
0.3119428158
-1.3291387558
1.8780516386
0.4754827023
-1.3983089924
0.0469592810
-0.5645263195
-0.1790264845
-1.4557251930
1.3095481396
-0.0742200613
-0.9178289175
0.1989802718
0.4319505095
-0.0411052704
-0.2029361129
-0.7324398160
1.0401334763
-1.0148882866
-0.0476524830
0.4776730537
0.9997663498
0.0160609484
-0.5127285123
-0.3695708513
-0.3431663513
-1.3643828630
-0.3927097321
1.5589983463
-0.1217448115
0.3678088188
0.4685969949
0.7238920927
-0.4148619771
0.0716820955
0.0476398468
-0.8529368639
-0.0265774727
-1.0423157215
0.0973628163
0.0645743012
-0.2569469810
-1.0158653259
-0.8683478832
-0.5698902011
0.0398219824
-0.4096999764
1.9498422146
-0.4035563469
-0.2501239181
-0.4406365156
-0.2956714034
-0.6800885201
0.6229104996
-0.8019306660
-0.4991254807
-1.2758452892
0.1504428387
0.8202193975
0.2818796635
-0.0869814157
-1.0000181198
-0.4610842466
0.3081514835
0.1967898607
-0.3933461308
0.6258678436
0.1493997574
-0.3247071505
1.3374276161
0.5207967758
-0.9794749618
0.2293493748
0.0588941574
-0.0000812411
0.3711792231
0.0239787698
0.2712993622
0.8708314896
0.3321262002
0.1515788436
0.2854243517
-0.0771585703
0.1445705891
-0.2064635754
-0.0842870474
0.5197359920
0.1405302286
-0.0913854837
-0.3399722576
-0.2992704511
-0.1394301653
-0.0463677645
0.6101531982
0.1175826788
0.2786282897
-0.0003604889
-0.6720333099
0.2182308435
-0.3091062307
-0.1526646614
-0.0437475443
-0.1371125579
-0.0019170046
0.1351540089
-0.1216102839
-0.5175350904
-0.0428525209
-0.0293003321
-0.6837799549
0.1803397536
0.7122790813
0.7688648701
-0.2231091857
-0.7296578288
-0.7954394221
-0.2083672285
0.4265346527
0.6428122520
0.5728229284
-0.5602616072
-0.5527798533
-2.2186357975
0.1051756144
0.6643887758
1.1398868561
-0.2862921357
-1.0048029423
-0.7732453346
-0.1553152800
0.1416629553
-0.4742992520
0.1859907508
-1.6185059547
0.3481407166
-0.1417583823
0.1063765287
1.0266582966
0.9922158122
0.2628446817
0.3461740017
-0.2465139627
0.8655172586
0.8877572417
0.1152693629
0.0789262652
-0.1734177470
-0.9378721118
-0.3087065816
0.0687985420
0.3933938742
0.7030534744
0.0790183544
-0.5523057580
-0.4773721099
-1.0332485437
1.2095493078
-0.4719513059
0.7950829268
1.3347001076
0.0046621561
-1.2052949667
0.3514738679
0.4079993963
-0.4841117859
0.0684207678
0.5595676899
-1.1181423664
1.2172836065
-0.5969171524
0.5742467642
0.0854103565
-1.1477597952
0.1928634048
-1.3923964500
-3.0740680695
0.8972112536
0.2133947611
-0.0654878616
-0.4926934242
0.5930022001
-2.4255301952
-1.3892768621
-9.0374717712
10.3867998123
-1.2625622749
15.2818546295
2.8880085945
5.7356538773
-4.7778921127
7.4902391434
5.3861703873
-6.2368087769
7.9131860733
3.0152928829
-2.4740369320
0.8553106785
17.9838542938
-0.1074978709
-0.3586775064
-0.2393946648
0.1694475412
-0.0623912215
-0.0892136097
-0.0140359402
0.0158923864
0.3784334660
0.0899029374
-0.3156713247
0.4914880991
-0.4091499448
0.0195844173
0.3956084251
0.1181936264
-0.1945706606
-0.1726541519
0.2130650282
-0.2820079327
-0.5112870336
-0.0842728019
0.6891309619
-0.3805173635
0.2811833024
0.2192863226
0.5992617011
-0.4905923605
-0.3382439613
0.0534257889
-0.5594113469
0.2251089811
-0.0133986473
0.1095780134
0.1731082201
0.0042767525
-0.5490787625
-0.1610240936
-0.1641309857
-0.3705736399
-0.0433092117
0.7291061878
0.1025270224
0.0122547150
-0.4590299129
0.1650719047
-0.0067267418
0.0111538768
0.5467402339
1.0173926353
0.2706654072
0.6994937062
1.1518967152
0.9202173948
-0.2312184572
-1.1184673309
0.8296017647
-0.1611828208
1.8624368906
-1.6430628300
-1.0909812450
1.1414428949
0.6593407989
-0.2822753787
-0.4575582147
-0.0149478316
0.3237437010
0.3106848001
0.4960361123
0.5184116364
-0.0516716242
-0.1979743242
0.2221782207
0.4133890867
0.6853391528
0.5403957963
-0.1113701463
-0.3261783123
0.7130353451
-0.2188008428
0.0171851516
-0.4384403229
-0.3683570623
0.0738939047
0.0270738006
0.1697286963
-0.0491095781
0.4556024671
-0.3832534552
0.4178225994
0.4227874875
0.0357618332
-0.3508285880
-0.3201688528
-0.1826624870
0.3360297084
1.1244785786
0.4379525185
0.2706546783
0.6598041058
-0.7757701874
-0.5297629237
0.1091960669
0.1344041824
0.2326045632
1.3027956486
0.1121697426
-0.5075787306
-0.5277664661
-0.4456639290
0.4391726255
0.0486035943
-2.1400442123
-0.3770155907
-2.0599873066
-0.7694223523
-2.5696730614
-0.2530530691
-3.6516013145
5.2224969864
-4.0835514069
-0.4307380915
2.0868210793
-2.4071984291
6.2500171661
2.4386160374
-0.5635685921
-2.3661527634
-0.0269132257
0.7344298363
0.5971527696
-0.3308696747
-0.2732880116
1.2278895378
-0.1989785433
-0.5197671652
-0.1411838531
0.6003143787
1.7282228470
0.5509003401
0.5024080873
-0.8197397590
1.0376434326
-0.8015969396
-6.2360739708
-5.6530008316
-6.9790153503
5.9998235703
-3.3293223381
-0.3841446042
7.5468597412
2.5356700420
0.6495316029
1.4509449005
6.0829830170
5.9928183556
0.7992691994
2.9549393654
4.2177209854
4.6538367271
0.4056766033
0.3025463820
0.2862869501
0.0379302502
-0.8530279398
-0.1246134639
0.1737657189
-0.0980945826
0.0431312919
1.2492806911
0.3188095689
0.0594365597
-0.9125549197
-0.2596261501
0.6994481087
0.0336734056
-0.0163475275
0.3190566897
-0.5715705156
-0.3495292664
-1.0182493925
0.0245960951
0.1416256428
0.1953881979
-0.7071532607
-0.5362866521
-0.3593167067
-0.3884518743
0.6380656958
0.0931267142
0.1246900558
-0.0517154336
0.2263140082
-0.3822380304
0.3105091453
0.8599447608
0.0118415356
0.5575066805
0.6793981194
-0.1758937836
0.5623493195
0.3993477821
0.5726234913
-0.1580983400
-0.3570013642
-0.7120819688
-0.3713562489
0.1676195264
