0.4507843852
0.0582933761
-0.0648460463
-0.6238579750
0.3673368692
0.3696840405
0.1942210943
0.4436083436
0.0085610105
-0.4796999097
-0.4179567397
-0.1856737286
-0.1036842093
0.7492907643
-0.9401829839
0.1458941698
0.4693881571
-0.0744424164
0.5826780796
-0.1176099479
0.1520661563
-0.2675325274
-0.4527242482
0.1007754430
-0.2147933692
0.3891271353
-0.1221941561
0.6070699692
-0.3602824211
-0.1704097688
0.2135839760
0.0337621048
-0.5682940483
-0.0165261123
-0.2412762791
-0.1967779994
-0.0640819073
0.1371606439
0.0832084790
-0.3296856582
-0.4363427460
0.4217188060
-0.0763916150
0.3189894855
-0.6629456878
-0.1708501726
0.0529673547
0.7762174010
-0.0766778588
0.0996681079
0.0592877418
0.2897017300
-0.1017755568
-0.2665429115
-0.0165603347
0.1718743891
-0.0591363944
-0.0954658464
0.2829614878
-0.0532022901
0.3154548407
-0.3952344358
0.0145459911
0.2428417504
0.1626614779
0.1797250509
0.0035420584
-0.3800298274
0.3066926897
0.2914997041
-0.1799989045
0.5273687840
-0.0539363399
-0.6131432056
-0.2131247222
-0.0376573913
-0.1559600830
0.6934390068
-0.8229973912
-0.1770615131
0.3459910452
0.1148351207
0.4460813701
0.1010170132
-0.1275059730
-0.3536493480
-0.3777814507
0.4518272579
0.1448957026
-0.1039098874
-0.0363187790
0.6218756437
-0.2355823964
-0.1461791247
-0.3015810251
0.0223703589
-0.2175461948
-0.1312888414
-0.2057491392
-0.0276301540
0.0106462706
0.4915765226
0.1405100524
0.1692444235
0.0391911753
0.0009401498
-0.2268050313
0.2679038346
-0.1292969137
-0.0881006867
-0.5203865170
-0.0136661818
0.0652265847
-0.0528301038
-0.2410040498
0.3433696926
-0.2649621665
-0.3743307590
-0.1108841300
0.0563008748
0.0174716320
0.0903344080
0.4826427698
0.1500236988
0.2090267092
-0.2265871912
0.1129988506
0.1874932498
0.1579574645
-0.1161572412
0.0698398426
-0.1577337235
0.1107572466
0.4972382486
-0.0729648843
0.0614689775
-0.0523837171
-0.4975164235
-0.4322279692
-0.2974450588
-0.1776765287
0.9738999009
-0.6313057542
0.3157713711
0.4378876984
-0.1859127879
0.5602350235
0.1587416828
-0.0366116352
-0.4485108554
-0.3692599535
0.3656264544
0.1530203074
0.1889043003
-0.0052881306
0.4311429262
-0.5885179043
0.1545602977
-0.2537491322
-0.2056631148
-0.2015884370
-0.0148534616
-0.2996894419
0.1922371835
0.0289791841
0.0148413042
-0.2439640611
-0.1568809450
0.4953621030
0.0001942249
-0.5818505883
0.5446684957
0.0905975997
-0.0798124522
-0.2658360898
-0.0453221537
-0.0064598029
-0.5665400028
-0.5836142898
0.3313644826
0.2672239542
-0.0157911405
-0.2421582043
1.1464309692
0.3010570109
0.4672478139
0.9188024998
0.4373238087
0.2227016836
-0.6899374127
-0.0081339329
0.1202347651
0.0269562528
0.2835411131
0.2899726331
-0.1960198879
0.3164149225
0.2717345059
-0.4472490251
0.1550980061
-0.0345401354
-0.2573037744
-0.5053521991
0.0427479334
-0.2348434627
0.5549079180
-0.3928058147
-0.1083812341
0.6890289187
-0.4336492121
0.5094777346
-0.0312081575
0.1919312924
-0.6280080080
-0.4758729935
0.1134516895
0.0963413566
-0.1128005683
0.4208430648
0.1458563358
-0.1842369437
0.2561639547
0.2198465914
-0.1318426281
-0.4065936208
-0.0857586190
0.2706395984
-0.2156253606
-0.0264857598
0.2815835178
0.2384313047
-0.3238680661
-0.4750830531
0.6460694671
0.1212377772
0.3872376978
-0.6515025496
0.0895181894
-0.0230573118
0.6391027570
0.0503001288
0.0141288061
-0.0609584227
0.3480098546
-0.1132310703
-0.3175345361
-0.0598317049
-0.0506846532
-0.1006568596
-0.1226536930
0.3896679580
0.0445649624
0.1326660812
-0.3715045452
0.2462159097
0.1770231724
-0.2738344967
0.0173747782
0.0975874141
0.5011277199
0.0607889965
0.1335408092
-0.8587269187
0.2905022204
-0.0518979765
-0.6569166183
-0.2626504600
0.2114521563
-0.3661054969
0.7439313531
-0.4617639482
-0.3379859924
0.5627005696
-0.1947312802
0.3442138731
-0.3052199483
0.1681647301
-0.1426553577
-0.7404398322
0.0907886103
-0.3828881383
0.2440755367
0.1663032621
0.4197646677
-0.2612960935
-0.1105347052
0.5157381892
-0.0061842506
-0.2168640196
0.0413985215
0.1998335719
0.2094143927
-0.1313119233
0.2174235284
0.0423911288
-0.2332759649
0.3203892708
0.3212062120
-0.1630797684
0.5729966164
-0.1632660180
-0.0917708576
-0.4077938199
-0.0814493075
-0.1590308994
-0.3247741163
0.2179626077
0.2953100801
-0.2837791443
-0.2912041545
-0.0169085488
-0.1187796518
-0.1143337712
-0.0876802802
0.0836334452
0.1481837183
0.4789650142
0.2175246775
0.0243050028
-0.1395414323
-0.0941747800
-0.0298422147
0.3179334700
-0.0484700464
0.1514460891
0.1854927540
0.0671289489
0.2817788720
-0.1533542126
-0.5358305573
-0.3323429823
-0.4119181335
-0.0966564417
0.7825693488
-0.5424033403
-0.0806823373
0.6719754934
-0.3019760549
0.2167150080
0.6540918350
0.3890075982
-0.1488797814
-0.7250173092
0.0808415636
-0.0151892882
0.5727496743
0.1191240698
-0.0966446772
0.0327069126
-0.1379318237
-0.2106313854
-0.2385297120
-0.3687562048
0.0151286656
0.2881841063
0.1877979934
0.1137706190
0.1473688781
-0.1735629290
-0.2014988810
0.3066356778
0.1956477314
0.0198752154
0.5884151459
-0.3119821548
-0.3561235964
-0.5094081759
0.0529543981
0.0702234656
-0.0717775300
-0.1844202131
0.2942042351
0.0076784487
-0.2488930076
-0.1802707314
0.0743632987
0.0038976038
-0.0023433934
0.5011823773
0.0826460049
0.0078530442
-0.4847179651
0.2550902069
-0.0206065755
0.3718024194
-0.4057384431
0.3886625469
-0.4680435061
0.2687896490
0.3554850519
-0.0175530519
-0.0565628186
-0.3753506541
-0.3786486685
-0.1573526412
-0.0644587576
0.4303306043
0.6534025073
-0.6982671022
0.3906007111
0.5714650750
-0.3856311440
0.6244754791
0.1550580412
0.3607997000
-0.2191662937
-0.4046561122
0.2482665628
0.2178787440
-0.3716925085
0.2072269320
0.5141963959
-0.6192968488
0.0443663858
-0.1460921615
0.0618998334
-0.5598613620
0.1100607216
-0.0252842195
0.2939470708
-0.0381604023
-0.1400697529
-0.2114987522
0.1040070131
0.4451081157
0.1626267731
-0.0598526858
0.4064152241
-0.4405232072
-0.1962998062
-0.5337077975
0.0828746930
0.1062128544
0.0322851613
0.1970990151
0.4395968020
0.0365287066
-0.3632217944
-0.0713759735
0.6742836237
-0.0934748799
0.6675841212
0.6048200727
0.1461572498
0.1047262475
-0.5109857321
0.3243415952
0.3877456784
-0.0351287797
0.1394674480
0.3404217660
-0.0244069528
0.0897821784
0.3150188327
-0.1254919022
0.0613680296
-0.2908364832
-0.4246874750
-0.3152089119
-0.2106427103
-0.0433282815
0.7105306983
-0.4607951045
0.0955905616
0.7818099260
-0.4322073460
0.4430197179
-0.0415981933
0.2176770717
-0.6617401838
-0.7829851508
-0.1483728141
0.0239084978
0.1593940258
0.3284502029
0.0312488340
-0.1020884961
0.1787842661
0.5094963908
-0.1726715118
-0.0895732120
-0.0187423825
0.7391457558
1.0510622263
0.1519222111
0.5344215631
-0.6769099236
-0.8145948052
0.6211743355
0.3562357128
-0.8263928890
1.5380667448
0.9919176102
-0.7609308362
-1.0468531847
-1.6129297018
-0.1217696667
-0.4365933239
0.0113949813
0.3547630310
-0.5568804145
-0.4041989446
-0.3191706836
-0.2173411548
-0.2197728306
-0.1632876545
0.0705387071
0.1325069666
0.4444341362
0.2778613567
0.1036194861
0.0769248530
-0.3008022606
0.1923629493
0.2425999343
-0.7251477242
0.5400654674
0.6797794700
0.5068779588
0.1964953393
-0.4503928721
-0.2933468819
-0.3682370186
-1.0316686630
0.5610303283
1.9908820391
-0.8669635057
0.1727849245
0.8744283915
-0.4183625579
0.3537593186
0.1619010419
0.4289788902
-0.3309676647
-0.5285378695
0.1288653761
0.1804752350
-0.1334592104
0.3733350337
0.0311111081
-0.1653040946
0.0602048673
0.0566418320
-0.2894211709
-0.4012979567
0.2852923572
0.0704773441
0.0438579321
-0.0364497080
-0.2061761320
-0.1193247139
0.2298093885
0.3405089378
0.1973094642
-0.1107144058
0.0789493248
-0.2966395020
-0.1252887696
-0.6363432407
0.3592106700
-0.1566252112
-0.0181199126
0.1526378244
0.4435934722
-0.0371456109
-0.4406713247
0.0717177168
0.2716253102
-0.0679611787
0.1827485114
0.1809805185
0.0468146205
0.0870390832
-0.6480605006
0.2453346550
0.1457718313
-0.0960670710
0.0040956754
0.3961687982
-0.1375771165
0.0988757834
0.2033644617
-0.0474751219
0.3168266416
-0.3150599897
-0.4748128057
-0.1605059505
-0.0349151753
0.2928054035
0.6225936413
-0.4435793757
-0.2492507100
0.7210422754
0.1674416363
0.2700075209
0.3286532164
0.3017841876
-0.2697261572
-0.2510912120
0.3027782142
0.1178249419
0.4848749042
-0.2137234509
0.5586320162
-0.4557337463
-0.3571205735
-0.5732247233
-0.3388648629
-0.2667997181
0.0791241527
-0.2286683917
0.0205604304
-0.0720444247
-0.0259451717
-0.0918908343
-0.0336162634
0.2008573413
0.1868739873
-0.3730816543
0.3253031671
-0.2153752446
-0.1119682342
-0.2738843858
0.3871699274
-0.0507284887
-0.1685503274
0.1766350120
0.2895713151
-0.3815320730
-0.5357912183
-0.3479499817
0.1192027703
-0.3126456141
0.0838622823
0.0463621654
0.0406652465
0.2851079404
-0.1151906773
0.3010111451
0.2408477962
0.5903317928
-0.3153706789
-0.1083426401
-0.3486841321
0.2602603137
0.3452643454
-0.1737429649
0.0333303288
-0.0174648669
-0.6087074280
-0.2826856971
-0.0066253459
-0.1937595308
0.6094081402
-0.8865579367
0.6741133332
0.7295555472
-0.5912870765
0.2168582380
0.1735585928
0.3499716520
-0.3908418715
-0.3220990300
0.1031916291
0.2631366551
-0.6675825119
-0.0606197007
-0.1223134995
-0.2598996758
0.1702986658
-0.1183410510
0.0642415807
-0.3492955565
0.0234493464
0.0257733110
-0.1643640399
0.0869418234
0.1563390195
-0.0337336771
0.2038639486
0.1763319969
0.0917343274
-0.0167651251
0.1820565760
-0.4767791331
-0.3576059937
-0.6086337566
0.3923174441
-0.0958244056
0.0446542539
0.2125424445
0.1135464311
-0.1293047965
-0.2660827935
0.3667429090
-0.2893803716
-0.2276596427
0.0191944577
0.0493448749
-0.1453131884
0.2627298236
0.0554322414
0.2944666445
-0.0964914709
-0.0056974981
0.2527919710
0.4297154248
0.2810154557
0.0868587345
0.3042551875
-0.1846600473
0.0247892160
-0.3704146445
-0.4979985356
-0.2242683023
-0.0512176678
-0.2972494364
0.7211516500
-0.2903606296
0.0837912038
0.7998921871
-0.0959230214
0.3936704099
0.4632166326
0.3806143403
-0.3083561063
-0.4069774747
0.1379880905
0.1524438560
0.5682783127
-0.1129389703
0.3202896416
0.0168768112
-0.4410861135
-0.4071495831
-0.2670080066
-0.5214254260
0.1074937433
0.4204663336
-0.1575060487
-0.0253602769
0.1692528874
0.2549281716
-0.4288101196
-0.3536144793
0.6575203538
0.3108394444
0.2368228137
-0.6032469273
0.1757201552
0.0334648378
0.6454983354
0.1191717535
0.0571618155
0.1304258257
0.2722090185
-0.2532091141
-0.4093512893
-0.2104389817
-0.4456208050
-0.3561312258
-0.1777749211
0.3014541566
-0.0840096399
-0.1244435087
-0.2552451789
0.4832763076
0.0170881636
-0.1671964079
0.1730157882
0.3084745705
-0.3894946873
0.2420726269
0.5353245139
0.2966273129
0.1231885850
-0.2782019377
-0.3673726916
-0.4060001671
-0.7493723631
0.2030499279
1.3130440712
-0.5193157792
0.1594287604
0.4429797232
0.1622715443
0.5752732754
0.2343239933
0.0740852207
-0.5701084137
-0.4358008206
0.4008883238
0.3062884510
0.6306059361
-0.2077002376
0.8207764030
-0.0507619418
-0.2203935683
-0.5660709739
-0.1773085892
-0.3506398797
0.1346935332
0.0829185024
0.3995156884
0.0318752006
0.0360772200
-0.3533809185
-0.0755479932
0.3473446071
0.1355734915
-0.4636670947
0.5913836360
0.0780383199
-0.4116198719
-0.7777559161
-0.3276034892
0.0925976261
0.1996590495
0.3725872040
0.1585174352
-0.6102657318
-0.7450323701
-0.0986050293
0.0049404325
-0.7903504968
0.2531763613
0.1544175893
-0.3587217331
0.1377921402
0.2676870823
0.2159226984
0.6675321460
0.5460602641
0.0904335380
-0.1068870649
-0.6991010308
0.3942540288
0.5325576663
0.0184541680
0.6290617585
0.0840029344
-0.4059545696
-0.4919673204
-0.1359062791
-0.2253263295
0.6323380470
-0.9012597203
-0.0625568107
0.8118330240
-0.3050300479
0.1712906361
0.4118116498
0.4444890618
-0.7510448098
-0.8809781075
-0.0785267428
-0.0421258435
0.0319974013
0.3586703539
-0.0173191857
-0.2036003321
0.3207334578
0.3021720052
-0.4333183169
-0.2269368619
-0.1217109784
-0.3204557896
-0.2712692916
0.0477968715
0.4496251345
0.1259380132
0.0998953134
-0.0010661916
0.1896307766
-0.0615790859
0.1220876724
-0.3160584569
-0.1573228091
-0.3506107330
0.3822996914
-0.0260846540
0.2967821062
0.3553815186
0.1381112337
-0.1524305642
-0.4755313396
0.3485850096
-0.2379084080
-0.4430204332
-0.1960604489
0.0330246165
-0.2372340113
0.2018559724
0.2535222471
-0.0351307020
0.1789961308
0.5825120807
-0.4514504075
-0.0881428197
-0.3881215155
0.2231719941
0.2017517090
-0.1662257165
0.1237272844
-0.1362971961
-0.6732184291
-0.1036145762
0.0493551679
-0.0723701268
0.5056840181
-0.8705725670
0.6812789440
0.7573409081
-0.0406936854
0.2577598691
0.5074042678
0.5305646062
-0.3756512702
-0.3445030451
0.1759912670
0.0956538394
-0.1277304739
-0.1018597931
0.2274843603
-0.5198687911
0.1414706856
-0.1668109596
-0.1290756464
-0.6571797729
0.1176447719
0.4611007869
0.4262792766
-0.2068385631
0.2261863500
-0.1318231970
-0.2242062539
-0.2759147882
0.2828175426
-0.1730286032
0.1625012159
-0.2168275863
0.0783231556
-0.0717199892
-0.1288773566
0.3036705256
0.6855158210
0.5324318409
0.3943651915
-0.0547310188
-0.0595056526
0.2110685259
-0.1507317722
0.0197759718
-0.1916993409
0.2454459071
0.0775467157
0.3371273875
-0.2244111151
-0.0940712094
0.0811438113
-0.1912857741
-0.0643363297
0.2101487219
0.0325810984
-0.0445561148
0.5205379725
0.0932877287
0.2458109111
-0.1215676963
-0.4484343231
-0.4536466300
-0.5207239389
-0.1065809727
0.9811614752
-0.2838724554
-0.0183939636
0.7218545079
-0.0102226157
0.1698395163
0.2060868740
0.2368889153
-0.5174012184
-0.6759119630
-0.2510115206
0.5959425569
0.2533799410
-0.1093805581
-0.5561143160
-0.3092128336
0.4412524998
0.1225085258
0.2777026296
-0.6255282760
0.0684720352
0.2843984962
0.6301290989
-0.0529311262
-0.0128666144
-0.2860888839
0.0942106321
0.5990810990
-0.0931730941
0.2074741423
0.6839384437
-0.3841418028
-0.3211432099
-0.6951777935
-0.2313819379
0.3869367838
0.4935374260
-0.1825208962
0.0486977808
-0.2598369122
-0.3349468708
-0.2164066136
-0.8698621392
-0.1703511924
-0.3610349596
0.5273521543
-0.1285142452
-0.3292776644
-0.2442718148
0.3728452027
-0.2325838506
0.3025940955
0.2619280219
-0.2047112435
0.4415246248
-0.3504977226
0.1525411755
0.1419042200
0.2808409929
0.2931334376
0.0935465470
0.0018863274
-0.0600039773
0.4116602242
0.2280371338
-0.1678907722
-0.3379178941
-0.9178276658
0.3809678555
-0.0343522877
-0.2263494432
0.2055255324
-0.1621107012
-0.2338856459
-0.2699147165
-0.2152805030
0.6035857201
0.0479496047
0.5271071792
0.2093854100
-0.6086912155
-0.0149106458
-0.0098576676
-0.3046214879
-0.5907609463
0.0077239284
0.0269135982
0.0409736000
0.5875752568
0.0516842157
-0.3942952156
-0.0015576279
-0.6062554121
-0.0946839377
-0.0235338006
-0.3099691570
0.3926558495
-0.5371834040
-0.0477310568
0.1609396189
-0.0591081120
0.2137545347
0.0682918653
-0.1751393676
0.1247233599
0.4227053225
0.1367056966
-0.0058884257
0.1692446172
-0.0518335328
0.3821780384
0.2361515164
-0.0090714954
0.1357602328
0.0520910397
0.5520260334
-0.2598846257
0.2742193639
-0.0413932726
0.1976523399
0.5517981052
-0.1599405408
0.6828270555
-0.2825832665
-0.1140651777
0.3567236364
-0.1369746625
0.3658294380
0.2872748077
-0.3381460011
-0.4365887940
-0.2517883480
0.1867804676
-0.0798161328
-0.0989166871
-0.1790412068
-0.4424510896
0.5520351529
0.3183372915
-0.0247679260
0.6347000599
-0.1485557556
0.3256139457
-0.7777181864
0.1672593057
-0.2124525756
0.1477316320
-0.4366201460
-0.2863464057
-0.0722572207
0.1629143506
0.2021191865
0.2066322416
0.4623189569
-0.2188488245
-0.0421892889
-0.3796143234
-0.1395812929
-0.0602986589
-0.2877271175
0.4235626459
-0.2040530294
-0.0719629079
0.0478509590
-0.4450651109
0.2637006044
-0.0265036039
-0.3883323371
0.0018897783
-0.1579422802
-0.3122307360
-0.0265841130
-0.0173407998
-0.2343614697
0.6662844419
0.5671688914
-0.2834757864
-0.5164729953
-0.1443061531
0.1897412986
-0.1183973625
-0.0397856086
0.0361765400
0.3270328641
0.5974932909
0.0165751874
0.1911922991
-0.0327290818
-0.1516401768
-0.0186856538
0.0027347817
0.5320953727
-0.0036811598
-0.1074566096
-0.1412153542
-0.1173952967
-0.1991607398
-0.5217111707
-0.1302946359
0.7011557817
-0.3510794044
0.2511764467
0.1775877476
-0.4204131663
0.2254451215
-0.2181721628
0.3737113178
0.0785144269
0.1249019727
0.2818085849
0.3484950662
0.0215281211
-0.1991732717
-0.0458877608
0.1792786121
0.0500735119
0.3743673563
0.4262375534
-0.3387421072
0.1406142712
-0.6475268006
-0.7328815460
-0.0556250662
-0.3269211352
0.7205223441
-0.2404752225
0.1604716927
0.0057045310
0.0735113770
0.4138158560
-0.0157558043
-0.1525089443
-0.2169390470
0.2577541769
0.3693890274
-0.0189700145
0.0865261033
0.0203385428
0.6548643708
0.1717354059
-0.2693553567
-0.2550728321
0.5740465522
0.5615946651
0.1271638870
-0.2619695663
0.2298882902
0.4457266629
-0.1137365401
0.1396638155
-0.1622010171
-0.4055529237
-0.4520618916
-0.2618533373
-0.5979601145
0.3313159347
0.0506377593
-0.1614099890
-0.7354179025
-0.4183987975
-0.2623760402
0.2477990389
-0.6815538406
0.4136509299
-0.4566584826
0.9273194075
0.5011840463
0.3268034756
0.5365360975
0.0820846260
-0.3353842199
-0.3231742680
0.0911852717
0.0446136557
0.3274848163
0.0527729094
-0.6458493471
-0.0594475903
-0.7453828454
0.4370009303
0.0194833167
-0.0658792034
-0.4923146367
-0.4621854424
0.0689675659
0.5096247792
-0.2564740181
0.0025044363
0.0451539233
0.0708170384
-0.0674480274
0.3466621935
-0.0411084406
0.3201487064
0.0326517746
0.1063869968
0.5901960731
0.1165251434
-0.4648171067
-0.0030841387
0.3082339168
-0.1716342717
0.2887002230
0.2365614623
0.3054768145
-0.3376137018
-0.3299625516
0.4520385563
-0.3696265221
0.4634746015
-0.0288119949
0.3762404621
0.6083390117
-0.0371316299
0.6400580406
-0.4543705583
-0.1022269949
0.2461921275
-0.1606128812
0.5207131505
0.2144547701
-0.4247139990
-0.6259069443
-0.5867573619
0.0734560341
-0.3452010453
-0.5305956602
0.1551780254
-0.2502119839
0.1167786047
-0.0110333394
-0.2774044573
0.4691067338
0.2374874651
0.4152958095
-0.2275733501
-0.2282577902
-0.0009950666
0.2654558122
-0.1287768185
-0.1621297896
-0.1673554182
0.2827136517
0.1483368129
0.1087695882
0.5429332256
-0.4871263206
0.2646321356
-0.3211805522
-0.1245137006
-0.0443567559
-0.0151493736
0.2370753437
-0.3498129845
-0.0607912615
-0.1046611369
-0.1924134344
0.1456022412
0.0146363163
-0.3836127520
-0.2545254230
0.0460364372
-0.4410147071
-0.1204999983
0.3339244127
0.1380275488
0.4093024433
0.7308027744
-0.2467363626
0.0350705273
-0.1606445611
0.3740808666
0.2583350241
0.0892884061
0.1648070216
-0.0485393889
0.1264759153
0.1295780987
0.1575002521
-0.3371379375
0.2501046956
0.0835781470
-0.0266222712
0.4163319170
-0.0671258196
-0.4734422863
-0.4610489607
-0.5908117294
0.0198249556
-0.3676826954
-0.1559634954
0.0461370014
-0.4878535271
0.1658532917
0.1667581499
0.1151331067
0.3192937076
0.0110116024
0.2024262697
-0.2427093983
0.2014286518
0.3047820032
0.3191351593
-0.3140301406
-0.4461360872
-0.4244002700
0.3579450846
0.0397961847
0.0240766592
0.3284377754
-0.4568382800
0.4598785937
-0.4436281621
0.3182880282
0.7218974829
-0.2383232862
-0.0111785913
0.0215854514
-0.2619685531
-0.0596904717
-0.7424308658
0.6702277064
-0.3443327248
-0.3114818037
-0.1238337755
-0.5816794634
-0.6521407962
-0.3424043059
-0.6278228760
-0.0685430095
0.9734511375
0.9159387350
-1.0571135283
-0.4589664936
0.0039462675
-0.4917230606
0.3174566329
-0.8503758311
0.2738461792
-0.1527015567
0.5584562421
0.3447354734
0.2806224525
0.9608849883
-0.4612966776
-0.8021663427
-0.1225733012
0.6497145891
0.4115833938
0.6005226970
0.1895181984
0.1849144250
0.3624210954
0.3365116715
0.8748297095
-0.3978496790
-0.4948119223
1.1986795664
0.4048817456
0.1788074672
-0.3364115059
-0.1099132001
0.6204664707
-0.5001158118
0.9853959680
-0.2578091621
0.1974444091
0.2738939226
-0.1791585386
1.4016801119
-0.0763612315
-1.1433322430
0.5698359013
1.1141065359
-0.0427424423
0.6907654405
-1.0792973042
-1.6438395977
-0.1297543049
-0.6301597357
1.0626207590
0.3477479815
0.2443633825
0.2732090354
-0.1717194617
-0.0211728737
0.1226497963
-0.0754636079
0.1305045038
-0.1674047261
-0.3843680918
0.1735220999
0.3595918715
-0.2125519663
0.3766397536
0.4837037325
0.3520310521
-0.7186667919
-0.2747290432
0.6126952767
0.1562566310
-0.0370667316
0.3013496399
0.1518099904
0.0779986158
0.1364576072
0.4960859418
-0.3248146772
0.1369457841
0.2065694779
-0.2256823182
0.4163748026
0.3906374574
-0.3066810369
-0.5551478267
-0.5577956438
-0.3084382713
-0.2084715962
-0.5846586823
0.1204497740
-0.1930354834
0.7042495608
-0.0038157788
0.2177945524
0.6738414764
-0.1667106748
0.2057583630
-0.3555318713
-0.3133339882
-0.0398501717
0.0060976297
-0.0930213928
-0.2450595647
-0.2794493735
0.0803417191
0.2629776597
0.3007115424
0.4014233947
-0.3129173517
-0.0480104089
-0.1841804087
0.0994299501
0.0310430154
-0.0320028253
0.0484611206
-0.3125939965
-0.0533399284
0.3218965828
0.1451217383
0.1058179140
-0.2056379020
-0.5154474378
0.2780580223
0.3113051355
-0.4179376066
0.2979421616
0.0199991520
-0.2908723056
0.5914416313
0.6230353117
-0.0682029501
0.0166007709
-0.1277039796
-0.0752199441
0.1019204482
-0.2812745869
0.0142085329
0.1195417494
0.6766137481
0.3232130706
0.3023853004
0.3668738008
-0.5329533815
-0.1171104088
0.0212692376
0.8625499010
0.0609400421
0.3494643867
-0.0625233576
-0.2679227591
-0.1459846050
-0.0599565841
-0.1429985166
0.3875624835
0.0015445380
0.5825861692
0.1847830266
-0.1379468441
0.4934256077
-0.2677077353
0.3042442799
-0.3557787538
-0.2686224878
-0.1233954132
0.4195061326
-0.3025661111
-0.0845308006
-0.4674276114
-0.0932588503
0.3700026274
0.6257410645
0.5214980841
-0.1866896749
0.0715421215
0.0839592740
0.0767014101
0.3599863350
-0.3580355644
-0.0435228124
-0.2411613315
0.2005259395
0.1653336585
-0.2225127071
0.3412217796
-0.1799731106
-0.0182640590
0.0215437282
0.0710742772
-0.4131612480
0.0289283749
-0.0084414696
-0.1495007128
0.5597710609
0.3961677849
-0.4354864061
-0.1132931560
-0.0141557539
0.3232312799
0.0681714937
-0.2975505292
0.1768542975
0.1837261319
0.3114233017
0.1988570690
0.3318490684
0.0566489846
0.1306157261
-0.1232978255
0.0632171109
0.3327427804
0.5350937247
0.0121343732
-0.0956232101
0.2022163421
-0.2527947724
0.1002994627
-0.4660548568
0.8139414191
-0.3726305366
0.8035571575
0.0434299782
0.1533097625
0.2451692671
-0.3349941373
0.1367219239
0.0800827816
0.0181133319
0.4623242319
-0.0857820660
-0.8419730663
-0.5361527205
-0.1677585095
-0.1667383313
0.1139609888
1.1420767307
0.3427841365
0.0905920267
-0.4433143735
-0.3099815845
0.1968491077
0.2815919220
-0.4490165710
-0.0869344026
-1.0412981510
0.1601992697
0.3602837324
-0.0259050317
0.1449194103
0.0262606703
-0.3045035601
-0.0450964160
0.2919341028
-0.2981256247
-0.0062883017
-0.0221232660
-0.3319877982
0.4381522834
0.4914230108
-0.4520607889
-0.0078168726
0.0633687526
0.4861009121
0.0074377055
-0.3174451590
0.3738004863
-0.2647230327
0.0578950718
0.3239809573
0.0942842588
0.1546281278
-0.1046164110
-0.0333578400
0.0413589776
0.3754392266
0.3468286693
-0.3075166643
-0.4166713059
-0.6183232069
-0.0149531737
-0.5723259449
-0.0213462505
0.1978908479
-0.4945969284
-0.2010981888
0.1477089673
-0.2761714160
0.4106642604
-0.0888186768
0.3407010436
0.0148080420
0.0518711209
0.3197894990
0.2841634452
0.1066691652
-0.1863228679
-0.4856277406
0.0399623923
0.2484167069
0.3540854156
0.0155131845
-0.5254518390
-0.1447145194
-0.2887082100
-0.1913809478
-0.0986592844
0.0876982063
0.6667135954
-0.4386281371
-0.0661285743
0.1573264152
-0.0410201848
0.3828738034
0.0304893591
-0.5042953491
0.6288936138
0.3120838106
-0.6249552965
0.1261914521
0.3226971030
0.0266271923
0.6783525944
0.4414487183
0.3384797275
0.4363611042
-0.2619008124
0.3723251522
0.1973646730
0.0047193747
0.0860534310
-0.0186657812
0.1000616848
0.0655506775
0.1163053438
-0.0411814190
0.0589124486
0.1242271662
-0.2020775676
0.6448899508
0.0563871749
-0.3741728961
-0.5594630837
0.5343143940
0.1461918503
-0.4435718358
0.1319846809
0.7520945668
-0.1299809217
0.9688025713
0.6219189167
-0.6591687202
0.6601309776
0.0964017212
0.3015584350
-1.3087681532
0.2152778208
0.2880526185
1.0485709906
-0.1932222098
-0.1465898156
-0.0395745002
0.4743039310
-0.1458076239
-0.1363849938
0.3338903189
-0.9650996923
0.8177899718
-0.7393392324
-0.1985630989
0.3358733654
-0.2942498028
0.7114799619
0.1518897861
-0.2172470838
0.4298724830
0.1155181378
0.0081575997
0.0879900828
-0.4146133363
0.4998585582
0.2425433695
-0.4466429651
0.0702062175
0.3452583849
-0.2664512098
0.4929424226
0.4922438562
0.4306036532
-0.1856768280
-0.1704838276
0.0611271635
0.0390484482
-0.0157377273
0.0975525454
-0.1995200813
0.4313530326
0.3056247532
0.3245242536
0.3911078274
-0.0638240054
-0.0866556540
-0.0209356993
0.7788188457
0.1985346675
-0.0970395133
-0.4588530362
0.0074456385
0.0676330552
0.1369123757
-0.0124234725
0.3922570944
-0.4035436213
0.8062968254
0.4546649456
-0.2264695913
0.6655027270
-0.2000831813
0.0791548193
-0.5665567517
0.0430655964
-0.0659764931
0.2919239700
-0.1138722003
-0.7180876732
0.2973238528
-0.6178930402
0.1921646744
-0.0554019883
0.0486495383
-0.5560116172
-0.6440905929
-0.2233728170
0.4378564060
-0.2256406546
0.1075444594
0.1711598188
-0.0645892769
-0.2037792951
0.0290464088
-0.0694853067
0.1059686020
0.1286655217
-0.4085019529
0.0617902242
-0.2953427434
-0.2668653131
0.1275074482
0.2459172159
-0.0557432920
0.6967284083
0.6356483698
0.0524179563
-0.2888333797
0.0063049179
0.4422970712
-0.1100932881
0.3486058712
0.5416157246
0.3254391551
-0.1830461919
0.0224365741
0.6584471464
-0.4373019338
-0.1678169221
-0.2444993258
-0.6708875895
0.2463606000
0.0569463708
-0.5414083600
-0.9026085734
-0.3841620386
0.0925514027
-0.6044391990
-0.2558922768
-0.0839244872
-0.5441164970
0.0012815681
0.3158465326
-0.1999014765
0.2003382742
0.6111451387
0.2474236339
-0.0956858173
-0.1214859262
0.3468839526
0.2885771394
0.3668092191
-0.2620185316
1.3701262474
0.0490114316
-1.0957207680
0.5096770525
0.9400233626
-0.1869478822
0.7388412952
-1.2303321362
-1.6875499487
-0.3470702767
-0.5189106464
1.2094913721
0.2358955145
0.1421014667
0.3620979190
-0.1414961815
0.3278509676
0.1517440528
0.1108084619
0.2131544948
0.4211518764
-0.0725599974
0.0132024689
-0.0245761778
-0.2705392241
0.2120572180
0.2995894849
-0.2009234577
0.0316267610
-0.2055235058
0.2091378123
0.0272403490
0.3813251257
0.4136684537
-0.0344625786
0.1059004664
0.3375880122
0.4879298210
-0.4803079069
0.3019507825
-0.1368703544
-0.0698598921
0.3765301108
-0.0004675777
-0.5280693769
-0.6396062374
-0.3335599601
-0.4915207624
-0.4886262417
-0.2539197505
0.1509435773
-0.5002582073
0.0692963898
0.2517055571
-0.3027724326
0.4056532681
-0.1412254870
0.2216414511
-0.0292500202
0.0666086972
0.3463262320
0.3283140361
-0.0341742747
-0.4450133741
0.0795074552
-0.0812744796
0.1704799086
0.1332924068
0.2993429005
-0.2992389500
-0.3436962366
-0.1900126785
0.1191226915
0.0846800208
-0.2197372019
0.1212057844
-0.0976505727
-0.1556572169
0.4365280867
-0.1003552675
0.3166010976
0.6560164094
-0.5110822320
-0.1656096876
0.0113119306
0.1001500115
-0.0936985463
0.0475917906
-0.5159166455
0.8434212804
0.2590648830
-0.2487814724
-0.5928468108
0.7052777410
1.4241536856
0.6648702025
-0.7825633287
-0.1613718271
1.0866631269
0.4863868058
0.4645176828
-0.1705906540
-0.8779218793
0.1953353435
0.5190338492
0.1116305515
0.2559452355
1.6157859564
0.5734862089
-0.4737468362
0.4302938282
0.1328695416
-0.1333876103
0.0727495775
0.5157688260
-0.2103759199
1.1757514477
0.5775916576
-0.3666239977
0.3497447670
0.1618237793
0.2681313455
-0.9087785482
0.3143313527
0.0383303203
0.8006882071
-0.2354428470
-0.4047328234
-0.1357263774
-0.1215562969
0.1810102016
0.0939866900
0.5276393890
-0.4065572619
0.0577928908
-0.3619256616
0.0951024741
0.1965639293
-0.0277154651
0.0226017665
-0.0940848589
0.0211414825
0.0333025120
-0.1369346231
0.1729199439
-0.0810990781
-0.3259499371
-0.1844084859
-0.1840341389
0.1014199257
-0.2650083601
0.0460082330
0.0417538323
0.8118997216
0.4466157854
-0.1778617501
-0.5325008035
0.4805744588
0.1946239769
-0.3106861115
-0.1161103323
-0.0559657663
0.2305245996
0.2243743241
-0.2204361707
0.0283617955
-0.0209176317
0.3343627155
-0.2611587346
-0.8303411007
0.3022432029
0.1301237643
-0.5892245770
0.0642100424
-0.3383167684
0.4856325686
-0.4163416326
-0.1687860638
0.1808861047
0.3769643605
0.2744385898
0.1853355616
-0.1155569702
0.1764793992
-0.7759167552
-0.0826257020
0.3851983547
-0.1525827348
-0.1192399785
-0.3342572451
-0.2141164392
0.5286263824
-0.1964901835
0.0181909483
0.0113773998
0.1610333771
0.1473854929
-0.2676025927
0.0940872207
-1.0971740484
0.4726615548
-0.0994518995
-0.1890703738
-0.2562065721
-0.1596991569
-0.4225159585
-0.5661368370
0.4995453954
-0.2043881118
0.0971063077
0.3672565222
0.2513712049
0.4762847424
-0.1897063553
-0.4140639305
0.0437441207
0.0156861413
0.3231174052
-0.3477086723
-0.3013921976
-0.0070327586
-0.2337143123
0.5225263834
-0.2400991470
0.2946125865
0.8573215008
0.0218015276
0.3590428829
0.0468588918
-0.2736802995
-0.0345307551
0.0931657404
0.1960965097
-0.1516418159
-0.0460895114
0.2486403733
-0.7920666933
0.5245752335
-0.4962703288
0.7402508259
-0.4008549154
-0.2543001771
0.2099769711
0.2613742948
0.1623687297
-0.1277335137
-0.1489362419
0.1231765822
-0.7762792110
-0.3880079687
0.2392449230
0.1688616872
-0.1303286254
-0.2273113281
-0.3455310166
0.5025774837
-0.0172180589
-0.3450431526
0.3841252029
0.2511062622
0.0067005781
-0.1427135020
0.2593796253
-0.8880124092
0.2914279103
-0.2708715200
-0.6651819348
-0.4492557943
-0.3796607256
-0.2398681939
-0.7271742225
0.2831914723
0.1696026623
-0.1605461538
0.3973309696
0.2803811431
0.1976747364
0.1950686127
-0.6241322756
0.5419042706
0.0985019207
-0.0656428263
0.2031575441
0.1215021983
0.1330229938
-0.2058283240
-0.4696508944
-0.3321153820
0.4976832867
0.1686121374
0.7669905424
0.5382319093
-0.2357538640
-0.4945339262
0.0271728355
-0.1282678545
-0.2665429115
-0.4160004556
0.0344986804
0.1567605585
-0.5800936818
-0.2469214946
-0.3850155175
-0.1038450375
0.0243128799
-0.0212050099
0.4084569514
-0.0545243099
0.2334979922
-0.3607689440
0.2202686667
-0.3899420798
-0.5486658812
0.2969184220
0.7465670109
0.2945877314
0.5267074108
0.3852705956
-0.3185409009
0.5870848894
-0.0134222992
0.2885879576
0.3953524232
-0.1106525436
-0.6602471471
0.1085423753
0.8933361173
-0.7918221354
0.0410963744
-0.1160162836
-0.2724109590
-0.0096827066
-0.1968291104
0.0146982213
-0.7939565182
0.4782114625
-0.0835342556
0.1013813540
0.2106302977
0.1641684324
0.4382731915
0.0132681057
-0.2793781161
0.2678990662
-0.1108274162
0.2919779718
0.0167703442
-0.1290856451
-0.1352620274
-0.2504257858
0.5271923542
-0.2367205918
0.1556016356
0.3233927786
-0.3595159054
-0.0893184021
0.1221757382
0.3299036026
-0.0545763224
0.2154153734
0.5832404494
-0.0340041555
0.3656408191
0.3495863676
-1.0850986242
0.1965814084
-0.7484827638
0.1366672516
0.0576027185
-0.0145019442
-0.2142197788
0.9181603193
0.3318215609
0.4760853052
-0.6835324168
-0.9977882504
-0.7481375933
0.1991618425
-0.0386366211
-0.0168620907
-0.6412743926
0.1116964743
-0.1420238018
0.2361480594
-0.0355020128
-0.0838583112
0.2116721123
0.1715153903
-0.0513731800
-0.5841292739
0.2991944253
-1.1387214661
0.4061626792
-0.3783670366
-0.5078338981
-0.6172870398
-0.3781915009
-0.2224829793
-0.7637845278
0.3549846709
0.0270711537
-0.0334877037
0.3560595512
0.2740825415
0.3145963252
0.0100375814
-0.3481040001
0.4178196192
0.0038796330
0.1730822921
0.0337164216
-0.0518619381
-0.0075353170
-0.2737544477
0.3972407877
0.6418766379
0.2991266549
0.6261250973
-0.4247793555
0.1099244729
-0.2686678469
-0.0403288528
0.1216391325
-0.0528442189
0.7574972510
-0.2212101072
0.1212056950
0.1649310738
-1.1716781855
0.5681670308
-1.0219831467
0.5231643915
-0.2356693149
-0.3636261523
-0.1883491725
0.6236157417
0.6929221153
0.1169458479
-0.8691493273
-0.4913843274
-0.5781299472
-0.1530096978
0.1014884859
0.5602653027
-0.2714155614
-0.0057503022
-0.0939148590
0.3034262657
-0.1058808640
-0.3307837248
0.0539915860
0.1581198275
0.0890904590
-0.1778204441
0.4166806638
-1.0858680010
0.1054205894
-0.2622086406
-0.1332301199
-0.1839012653
-0.3391359150
-0.2440801263
-0.2346598059
0.5169588923
0.5239859223
-0.4144877195
0.0905604959
0.2685722709
0.2001305968
-0.7160475254
-0.2629069984
-0.2061897665
0.1564033180
0.1519843340
-0.4560760260
-0.1103937700
-0.1094635278
-0.2277652174
0.8331928253
-0.0122123826
0.1850983202
1.0213952065
-0.1846962869
0.0620396659
-0.0557684265
0.0041180155
0.1233178079
0.0162771642
0.1166198924
0.0091338595
-0.1037667096
0.1997312158
-0.8392325640
0.9712234139
-0.3913153112
0.2334461212
-0.3396631181
-0.3352062106
0.0663908869
0.2104781866
0.2458003759
-0.0477263071
-0.5155482888
-0.0351329632
-0.6362038255
-0.1460952759
0.3197898865
0.3819519281
0.2615182102
-0.1408427358
-0.2428915501
0.7493498325
0.0936976969
-0.3924980164
0.0148478057
0.0312347654
0.4826237857
-0.1720344871
0.2403776348
-0.4692816734
-0.1645302922
-0.3044477701
-0.5986508727
-0.5442206860
-0.4362278581
-0.4610411525
-0.4242490232
0.5055229068
-0.0237563439
-0.0358009711
0.3439781368
0.3701168001
0.4388597012
-0.1350897700
-0.3672579825
0.2561806142
0.0037064196
0.3774801195
-0.3997366130
-0.2523639798
0.0901036114
-0.1863543987
0.4726507962
-0.1734310687
0.3628281057
0.2454594672
-0.2993738055
-0.2428850085
0.0677605197
0.2548231483
0.0522282161
0.0983748063
0.4699531198
-0.0371826477
0.5235096812
0.3128975332
-1.0555207729
0.2194745988
-0.7888054252
0.1481244117
-0.1187247559
-0.1889184117
-0.0608827956
0.6326704621
0.3156716228
0.2158497572
-0.6678547263
-0.5691434741
-0.6110264659
0.2882216871
0.0644793361
0.2323347479
-0.3688196242
0.0593809001
-0.0820552185
0.6237532496
-0.3423196077
-0.2503780425
0.2397802025
0.5543941855
0.3941461444
0.1531048566
-0.0020647866
-0.9297935367
0.3099395633
-0.0639204383
-0.4037525356
-0.5686792731
-0.2836625874
-0.4670382738
-0.0545201600
0.4497757554
0.3983306587
-0.5561671257
0.4313191175
0.1183325350
0.3842208982
-0.4179625511
-0.4138783813
-0.0530556776
0.3359622657
0.2701722980
-0.4751690626
-0.0069977585
0.1851131916
-0.0470802411
-0.6529937387
-0.5215302110
0.5252079368
0.3458291888
0.6614834666
0.7459531426
0.0479110107
-0.7377246618
0.0754175633
-0.3188856542
-0.4061113596
-0.4424609244
-0.0790921748
0.0892667621
-0.4228007793
-0.5197592974
-0.4091836810
-0.0247102510
-0.4998125136
-0.4182372987
0.0292472318
0.1041833386
0.4443803728
0.0092911990
-0.6329405904
-0.0305080470
-0.5884750485
-0.0153824585
0.1946681291
0.7151408792
0.2641150057
-0.1827518493
-0.7266146541
0.3549242318
-0.3025388122
-0.3608891070
0.2436129451
-0.0509159602
-0.2527399361
-0.6091732979
0.7675576210
-0.9941620827
0.0745074898
-0.1099366099
-0.3064024150
-0.2295946032
-0.3872164190
0.1537903398
-0.5875841975
0.2076870054
0.1472176611
-0.4068653882
0.5260223150
0.6786614060
0.3029159307
-0.4429529309
-0.1715680808
0.5340924859
0.3636949956
0.7690917850
-0.9631487727
0.0994481295
0.4264633358
-0.4855714440
0.1065945625
0.4360295832
0.2075536996
0.2276956737
0.1057642549
0.0740148947
-0.4156843722
0.1419141740
-0.1628917754
0.2740966082
0.6795181632
-0.1055676118
0.2051416188
0.3287639022
-0.7778710127
0.3622948229
-0.5139858127
-0.1298803240
-0.7039183378
0.0157019384
0.3091884255
0.3611162007
-0.1740898490
0.0834887922
-0.0968421176
-0.2482245564
-0.3222119510
0.6324328184
0.4566020966
-0.1942621469
0.0542405844
-0.2013143301
-0.1234845892
0.6293267608
-0.9332274199
-0.2611394227
0.0475213714
0.4978845119
0.2155217677
0.1170025691
-0.1887074858
-1.4863542318
0.4900709391
-0.1358603388
-0.2670332193
-0.5633487701
-0.3331156373
-0.2211875319
-0.3336191177
0.6186316013
0.1706126630
-0.1516645849
0.2432748526
0.0362732857
0.4764528573
-0.4344292581
-0.0679711252
-0.1437181532
0.1953599900
0.0641913489
-0.3894060552
-0.1571860462
-0.1017606929
-0.0532581694
-0.1930528432
-0.0922552571
0.3460528255
0.2373230755
0.3706757426
0.4775679708
-0.2231976539
-0.3514165878
-0.0733896568
0.1026862487
-0.0881720707
-0.5059922934
0.1391077191
0.1166620702
-0.5678889751
-0.0095226346
-0.3912079632
0.4829977155
-0.2903322577
-0.7122501731
0.5447477698
0.4345505536
0.5855634809
-0.1338590086
-0.5194066167
0.1071500853
-0.4050665498
-0.7585846782
-0.1278956085
0.7094222307
0.3028265834
-0.3842270970
-0.5450915694
0.5555477738
-0.2126511633
-0.6883525252
0.1187310815
0.0997850820
0.2860316038
-0.3862322271
0.4724451005
-0.7476714849
-0.1462346017
-0.2388164103
-0.5134065747
-0.4148464501
-0.4578027129
-0.1756923497
-0.4815765023
0.3810569644
0.3008962870
-0.0163023211
0.1328022480
0.4769110084
0.1939746290
-0.4942786992
-0.2589577436
-0.1088968739
0.1412927508
0.0323639140
-0.2554117441
-0.4177405834
0.0137341116
-0.2455099523
0.2155089676
0.2121199369
-0.0432509705
0.1266758442
0.5539723635
0.2630387843
-0.2289555669
0.0144311981
0.4429738224
-0.3704400659
-0.3331943154
-0.5643546581
0.7825424671
-0.1435209662
-0.6776661873
0.0321150199
-0.7713833451
-0.1422661692
-0.2919557691
0.0920611247
-0.0523592047
0.4040566087
0.1124166548
-0.0680040196
-0.3108883500
-0.4861910045
-0.6005886197
0.3196882606
0.4310525358
0.2507506013
-0.0463805459
0.3189336360
0.3022434711
0.7038434744
-0.1010211557
-0.6848075390
0.0057482384
0.2448380440
0.1781478375
0.3040653765
0.0040788529
-0.4778486192
-0.0625569597
-0.3857395947
-0.1619918793
0.0633006543
-0.4445534348
-0.5044880509
-0.0049003107
0.0432329550
0.3623692095
-0.6838317513
0.6930398345
0.0787626877
0.4242759049
-0.1965224594
-0.4240114689
0.0723516420
0.4814222455
0.9009911418
-0.4957928061
0.4223089814
0.4547764361
0.1518126726
0.7976417542
-0.6172090769
0.1321060061
0.3507975936
-0.4306871891
-0.2714945376
0.3030363917
0.1696797907
0.2837990820
0.3413080871
0.5321514606
0.1754688919
0.4582384229
0.1667665243
-1.2959330082
-0.1615433991
-0.2895582020
0.0136818597
-0.3577807546
-0.2725954056
0.1492839456
-0.0076215263
0.1399817616
0.0083428323
-0.4654909670
-0.2845976055
-0.5690986514
0.3359890580
0.2575519681
0.3937400579
0.0372797363
0.0543702692
0.1772187501
0.3949585557
0.0199709237
-0.4152200222
0.0127577931
-0.1742013544
-0.3443261087
-0.3660860658
0.3256059587
-1.1714031696
0.4475455582
-0.3153745532
0.1953595728
0.3241969347
-0.3195507228
-0.0427896306
-0.4919438660
0.3731849790
0.0572314151
-0.1816219240
0.4070191085
0.2092731893
0.4478006363
-0.3751623333
-0.2590019405
0.3374147117
0.2189391404
0.9709868431
-0.5051241517
0.1297062486
-0.0376257040
-0.2926712930
0.3287336230
0.2994786203
-0.0160595644
0.1846383065
0.2281513810
0.1342453063
-0.3525382578
0.1613741517
0.4885178804
-0.4121853709
-0.4708430767
-0.5006040335
0.5874694586
-0.0603312328
-0.6412267089
0.5161948204
-0.7165820003
0.1922917366
-0.4629213214
-0.4521567822
0.2413921058
0.2653627396
-0.1372683048
-0.1647780240
-0.4972662628
0.2797394097
-0.5340710878
0.4312183857
-0.2372075766
0.6357013583
-0.1944991201
-0.1475450695
-0.0238407888
0.1174777225
-0.0561912693
-0.4312261939
0.0176772717
0.3606880009
0.0781903639
0.0465792567
-0.0740416870
-1.0351946354
0.4026055038
0.0727249905
0.0134986443
-0.0203659385
-0.3528033197
-0.2977660000
-0.4600813687
0.2789511383
0.2535223663
-0.3626065850
0.2844230235
0.5245550275
0.3108078837
-0.3624584675
-0.2944326103
0.3164667189
0.2032401413
0.2292120457
-0.7515729666
-0.0691878051
0.3045099378
-0.1702697277
0.1016231552
0.1603185385
0.0161191765
0.1611320376
0.3259769678
0.2945948839
-0.2382414490
-0.0374871232
0.4603828192
-0.3077266216
-0.3658784330
-0.5914560556
0.4965772033
-0.0824429691
-0.6531814337
0.1946189553
-0.1697487533
0.3531753719
-0.2405724078
-0.4790942967
0.4166380167
0.6459580660
0.4306626618
0.1968512386
-0.4971205890
0.2629251182
-0.4759715199
-0.5253582597
0.2090355903
-0.0495386496
-0.0402552187
-0.4037537873
-0.0214338843
0.7186982632
-0.3627876937
-0.0862076357
0.1431939453
0.3245023191
-0.0503737777
-0.0713408887
0.4193258584
-1.1907330751
0.1855949312
-0.3875943124
-0.4236144722
-0.3995305002
-0.1632146239
-0.3931563199
-0.2839966118
0.5708320141
0.3197429180
-0.1312763542
-0.0483118556
0.2938186824
0.2431130558
-0.7287152410
-0.3023111820
-0.3720377088
0.0440881811
-0.0106789172
-0.5503964424
-0.2573179901
-0.2173120528
-0.2174400836
-0.1104886234
-0.0183305573
0.2080762237
0.0568495616
-0.1300076246
0.3071659505
-0.1495574564
0.2071053386
-0.1685212106
0.3177933395
0.1064898372
-0.5468562245
0.2357251346
0.2023653090
-0.7625758052
0.3646723926
-0.3379265964
0.0270829052
-0.4026430249
-0.0377813205
0.3103201091
0.5236524343
-0.2840192616
0.0785879344
-0.3334225118
-0.1339818388
-0.4801140130
0.3155746758
0.2940477133
-0.1825350672
-0.1131908223
-0.0976644829
-0.0969201103
0.3595564365
-0.1578706503
-0.1070462912
0.3073243797
0.3337944448
-0.0283677205
-0.1935473531
0.2400981635
-1.2151404619
0.4742129743
-0.2361637801
-0.3112762272
-0.3942965865
-0.2806242406
-0.3092051148
-0.7550500631
0.2307122946
0.0005288388
-0.0185839329
0.5001155138
0.3023568690
0.2923503220
0.0949033201
-0.5138195157
0.5387949944
0.1535645723
0.3550634682
0.0731137320
0.1330216825
0.0472019240
-0.3116859198
0.4188744426
0.2366712689
0.0658771470
0.3559302092
-0.4579510689
0.1528001279
-0.1376456916
0.0178916026
0.0209435653
0.1408288777
0.4551281333
-0.2347152531
0.3288823068
0.2128202915
-0.6844477057
0.6176422834
-0.5828767419
0.4515621662
-0.2919973135
-0.6612849236
0.5167264342
0.4504162371
0.3329843581
-0.2802709937
-0.4681620300
0.2408211529
-0.3806551993
-0.5840303302
-0.1651155651
0.6533632278
0.0269487798
-0.2180620283
-0.2969129682
0.5180858374
-0.1589563340
-0.1880038530
0.5152042508
0.3328526914
-0.2791559398
-0.3989444673
0.5908060074
-1.2840008736
0.3944333196
-0.4324646294
-0.5830748081
-0.4764685035
-0.2671246231
-0.2294100523
-0.1317619383
0.1619731337
0.4648215175
-0.2032440156
0.1666611284
0.3928862512
0.1272191107
-0.5847436190
-0.4080185592
0.0068675196
0.2127630860
0.4108173549
-0.4151835442
-0.1942028701
0.0608856492
0.0665368140
-0.3517738581
-0.4085451663
-0.1100831330
0.2415774018
-0.0550411604
-0.2608210742
-0.2432439476
0.6169340611
-0.1444542259
0.1632619649
0.2700321674
-0.3202171028
-0.1728967875
-0.1370429099
-0.1109741554
0.3800356686
0.0516821668
-0.5852589011
0.4459807575
-0.0840645060
-0.0952830091
-0.0284112468
-0.3105261028
-0.4566388726
0.0277509782
0.3606384397
0.0099866884
-0.1157809198
0.1888782978
-0.2917183638
-0.3723442554
0.1620074511
0.3486241400
0.6370084882
0.3744494021
-0.1464259624
-0.6060521603
0.4766964614
0.2773790956
-0.3342131078
0.4842289388
-0.3886630535
-1.0390530825
0.6557932496
0.0070102783
-0.3651411831
0.6841618419
0.3097749949
0.2440617532
-0.7649819255
0.1225403845
-0.1660655588
-0.1063073277
0.5480618477
0.1660567522
0.0004027515
1.0390996933
0.2123217732
0.4651382267
0.1105927974
0.0602375120
-0.1017916277
-0.4498643279
0.1562056243
0.0959084332
-0.1117231250
-0.2840923965
0.0944940448
0.0668966919
-0.1288246810
0.1098426208
0.4038461149
-0.1102626547
0.6100925803
0.4237247705
0.0832925439
0.1133538634
-0.1345864832
0.1692447215
0.2014055699
0.1859539747
0.0273782127
0.4325993955
0.3060735464
-0.7034387589
0.0204539839
-0.5596790314
-0.3570745885
-0.1586893350
1.1105949879
0.1578772664
-0.1680871248
-0.2684629560
-0.1899723858
0.5756499171
-0.0488442443
0.3496187031
0.4639504552
0.4452898204
-0.2888703644
-0.3394353092
0.1955691874
0.3207589388
-0.5652168393
0.5152670741
-0.7733038664
-0.4296484888
0.2808252573
0.1160578877
-0.1904695928
0.6143594384
0.3286301196
-0.1553523690
-0.3264112175
0.1955465674
0.0688084364
-0.3997640014
0.7667603493
0.2284169793
0.1090791523
0.2260508239
0.1304927915
0.8653225899
0.3087772131
-0.3274838924
-0.1391676813
-0.3195003867
-0.2191927433
0.5778548717
0.2913681269
-0.2285357267
0.0138640525
0.2901164889
-0.3380669057
-0.3567816317
0.5531778336
0.3552436829
0.3604810238
0.1606146097
-0.4173442423
0.1306465864
-0.0903484598
0.0380417518
0.1075754762
0.1195356175
-0.0957317427
0.2803881764
-0.2345729917
-0.2545300126
0.0106070330
-0.1280334592
-0.5300775766
-0.2371171564
0.3577313423
0.4760185778
0.0062131076
-0.7400647998
-0.3894758224
0.2233869433
-0.1269874275
0.0529725812
0.6068196297
-0.4584880471
0.0110929096
0.0136575447
0.1058664992
0.2099325061
-0.3388860524
0.1354321241
-0.8288359642
-0.2254827470
0.0770636573
0.4326553643
-0.0830893368
0.3834889829
0.2346975952
0.0852790698
-0.2552139163
-0.2005365044
0.7853919864
-0.0702392906
0.0887937620
0.1842280328
0.1604661644
0.0697734132
0.2218191177
0.0495220236
0.2366600484
-0.6801894903
-0.3750109375
-0.1747805625
0.0967345834
0.4932700098
0.0892150551
-0.0934774578
-0.2668722570
0.0118412701
0.0216011778
-0.0401335582
0.6696860194
-0.0926795900
0.1354229152
0.4184965193
-0.6497509480
-0.0886287764
-0.2977150977
-0.6431931257
0.0305003729
0.2207410038
-0.3780215681
0.6211355925
-0.2329097539
0.1876056939
0.0059020151
-0.5373415947
-0.5382237434
0.1918436289
0.6379165649
-0.3000006974
-0.1328289360
0.4785952866
-0.2642852664
-0.4542204440
0.4456889629
0.2696866989
0.1391007453
0.0586390421
-0.3654927313
-0.7524461150
0.0856797993
0.3156674206
-0.2202858329
-0.2909731567
-0.4893639982
-0.4485416114
0.1511879861
0.3104928434
-0.1686297953
0.2308158129
0.1275371164
0.2475937009
-0.1049584970
0.2210560143
0.1886175126
-0.0931299254
0.2462212741
-0.0776316822
-0.1104313880
0.1402047724
0.3756462634
-0.2309477478
0.1113900468
-0.5024157166
-0.2944638431
0.0723735839
-0.4025928378
-0.5435521007
-0.2944609821
-0.1773836613
0.3417947590
0.4843498170
-0.0011401796
0.0742669702
0.2545965910
-0.0788105950
0.2053509057
0.3105015457
-0.0408810005
-0.1923552901
0.2712354362
0.1161028147
0.6312828064
0.1094336659
-0.1262811422
0.2831847072
0.0352131799
-0.4986490905
-0.0666961372
-0.4120254219
-0.4088075161
-0.4200232923
0.9092408419
0.3655782938
0.1292905957
-0.7271042466
-0.3453037441
0.4065533578
-0.1356129497
0.0204889551
-0.1871867329
-0.3634811938
-0.0418366343
-0.1941502988
0.3233914077
0.8129990101
-0.5947185159
-0.1800081134
-0.2098134458
-0.1320024431
0.1638835520
0.0158722494
-0.1794399172
-0.1200003177
0.7074978352
0.2235233784
0.2801053524
0.8888335228
0.7196065187
0.4851197302
0.5693497062
0.6028850079
-0.4581942558
0.3847651184
-0.1723356694
0.3374146521
0.6207368970
0.1449740082
0.6358085275
0.8648703694
-0.0354839377
-0.3433769941
-0.2259079218
0.1913903058
0.0664784312
-0.0332536362
-0.4367476106
0.0944432393
0.5491642356
-0.1437150091
-0.0152730895
-0.0266868342
-0.5660583377
0.0788792074
0.0955268368
-0.2893685400
0.2517301142
0.0105481837
0.0002538699
0.0780077279
-0.1267298609
-0.4829799831
0.1363788098
-0.1507581770
-0.5115721226
0.2856719792
0.7893502116
0.0089051714
0.0548689142
-0.3933778703
-0.4241276085
-0.0428138226
0.3099109828
0.1071295068
0.1314650178
-0.0856157690
-0.3785103858
-0.6949144602
0.0164186712
0.3463532329
-0.3095520139
-0.3778646886
-0.5541263819
-0.2016960829
-0.2567779124
0.4894177318
-0.0502860360
0.3390939534
0.4007789493
0.0373763554
0.1594716758
0.5874336958
0.6593244076
0.3878976405
0.5313442945
0.3699852228
-0.1712717265
0.4699123800
0.2301007658
0.4858250320
0.3873124421
-0.0735576153
0.0150443101
0.4029144347
-0.0024850341
0.3013109565
0.0209711753
-0.1781674027
-0.2697400749
-0.3600794375
-0.2487653494
0.4680452645
0.0841176063
0.3942204118
0.3526680768
0.3715666234
-0.6545053124
-0.1300030351
-0.0129531454
-0.5214168429
0.1465615034
-0.0443637632
-0.3223953545
0.3909672499
-0.0248480719
-0.2183885723
-0.3692746758
-0.1924900264
-0.3818103373
-0.2730883360
0.2192569822
0.3026092350
-0.4274258018
-0.1291724890
-0.7543706298
-0.3424491584
0.3613702357
-0.1237299293
-0.2183686495
0.3018290699
-0.5788790584
-0.1622433662
0.4694426656
0.3497534096
-0.8040217161
-0.0299045965
-0.6833060980
0.2979629636
0.0200745650
0.2075927407
0.2256237268
0.2588794231
0.6745927334
0.1954470128
-0.3140011728
0.3192665279
0.8058114052
0.3020374477
0.3176599443
0.2531901598
-0.0348140970
0.7787854075
0.5772277117
0.2074535936
-0.0155549264
-0.3388423324
-0.4410367906
-0.0842879564
0.1491988003
-0.3286222816
0.0182709154
-0.1331167966
-0.0439877547
0.3513605297
0.3966559172
0.1855624020
0.0228192620
0.2399057895
0.1980844587
0.1707604229
-0.4548649192
-0.0773499981
0.2614891529
0.0899696499
0.5325356722
0.0251280665
-0.1014734656
0.3631666005
-0.3952389657
-0.1916833669
-0.0362275764
-0.0553046949
-0.3562900722
-0.2975647748
-0.0838594660
0.4156133831
0.1009820625
-0.6183002591
-0.4430302382
0.0491272807
-0.1030056775
-0.0864313766
0.0805152878
-0.4496049583
-0.2082379162
-0.4142940640
-0.2324465662
0.2158890963
0.0414481126
-0.5543238521
-0.3852232993
-0.1777190864
-0.0691820607
0.7807435393
-0.1912837178
0.3480945826
0.3989761174
0.0512015447
-0.2901128232
-0.0630896240
0.1294491440
0.0346990675
0.3573593795
0.0456721298
-0.0839861557
0.5789290071
0.1704345793
0.2191105336
0.3127701283
0.0037398760
-0.2159741819
0.1075862572
-0.1044493020
-0.0223382208
0.0229650289
-0.0587986410
-0.1023624316
0.0508720875
-0.1290035546
0.1259732991
0.1452054977
0.2713715136
0.1999261379
0.0821647197
-0.6526078582
-0.1448259205
0.0494252555
-0.2900114357
0.2939990759
-0.1845879257
-0.5383207798
0.4846039712
0.2932762504
-0.3237643540
0.1650101840
-0.7028192282
-0.5205630660
-0.1634527445
0.3446826637
0.5716038942
-0.1755293608
0.0436714031
-0.8196988106
0.0310397912
0.2175624967
0.0356579497
0.3121527433
-0.7185164094
-0.2627818584
-0.0394271612
0.2835755348
0.4093415439
0.0781786367
0.3651323020
-1.3293108940
-0.1703404039
0.0079295086
0.7592389584
0.0021221472
0.2981658280
-0.0487253293
0.3427296877
-0.5967393517
0.1512157172
-0.2455986291
-0.0290985480
0.5287587047
0.0782397389
0.1822948307
0.5159987807
0.0522953086
0.6376785636
0.2029548585
0.3758786917
-0.1306707114
-0.0928667337
-0.1515948027
0.0569453724
0.0241943598
-0.2576957941
-0.0636614338
-0.0571581870
-0.2928801179
0.2151016742
0.0095724948
0.3951345086
0.6769624352
0.1217130572
-0.6310128570
0.2387720942
0.1851994693
-0.3134571016
0.2208735198
0.0041870801
-0.4756606519
0.3982907832
0.5542297959
-0.6535806060
0.2123987973
-0.6473573446
-0.4780352414
-0.0655179843
0.7056183219
0.5032948852
-0.3349816203
-0.0203667823
-0.8912705183
0.2320604473
0.2466951907
-0.0714961663
0.2286910862
-0.6578767300
-0.1555793285
-0.2635432780
0.0431019999
0.2799126506
-0.2725541592
-0.2834337652
-0.6201555729
-0.2660483122
-0.0475943126
0.5001198649
-0.0378264040
0.0968996361
0.3258073926
0.5262964368
-0.0702525154
0.1928909719
-0.0192956682
0.1388168335
0.5864607096
0.1058588102
-0.2235846519
0.6238417625
0.3159133196
0.4022549987
0.2459750175
0.2981187701
-0.5290041566
0.1257224083
-0.3266941309
0.0940631628
0.1567788273
-0.0183076542
0.0643211752
0.5254983902
0.0795815513
-0.5762736797
0.1243485212
0.0241786931
0.2143332809
-0.0315180123
-0.5182343721
-0.2468702048
0.0068595721
0.2091607302
0.5595544577
0.0832406580
-0.3967297077
0.4348100424
-0.2377049625
-0.1198851094
0.0974411964
-0.3204331994
-0.4701515734
-0.1261799634
0.2689839602
0.1100809723
-0.0528818145
-0.1748421639
-0.4197413921
-0.0700969622
0.1439314634
-0.1737426668
0.1006954312
-0.4534031153
0.0005575605
0.1840226352
0.2571101487
0.2111028731
-0.7021074891
-0.0249835085
-0.2202328295
-0.2750602663
-0.0045376858
0.3740918934
-0.1362063587
0.1508187950
0.7707176805
0.0197831355
0.1379260570
0.3777964115
0.5125198364
0.1748436242
0.4975092411
0.5228726864
-0.4018486738
0.5670225024
0.5953670144
0.5024039745
0.1009414345
0.0030903900
-0.6914789677
0.2968709767
-0.1159877330
-0.0077316337
-0.0508028828
-0.1468543261
-0.1048709899
0.0186355338
0.0142117366
0.1739030480
0.4108758867
0.1414141953
0.2883742750
0.2714584470
-0.4205032885
-0.0177158006
-0.0115656490
-0.1481625438
0.2622492611
0.1007856652
0.1871495247
0.6610770822
-0.0833818838
-0.2817353904
-0.0414202139
-0.7361005545
-0.4479538202
0.1033124924
1.1062049866
-0.0899305269
0.0590048544
0.1756883711
0.2138649523
0.2223514169
0.0708796680
-0.1877923608
-0.0179746207
-0.0086651873
-0.1437823325
0.4667152166
0.1662306339
0.3685478568
-0.5495594740
0.0101542939
-0.3324451447
-0.2556698620
0.2559052110
0.5918307900
-0.0532729290
0.3611212969
1.1945436001
0.2155119181
-0.0287653375
-0.2229405493
-0.0393827409
-0.2024753094
0.3059866726
0.0762621835
-0.1590668559
0.2497457713
0.1660063565
0.1623634100
0.5480334759
-0.0465876162
-0.3426386118
0.2599456310
-0.2529839277
-0.0015947209
-0.4008643925
-0.4229970872
0.0678188503
-0.0066306693
0.1822615415
-0.1984352320
0.7781627178
-0.2479795665
0.1369360685
0.1785124838
-0.4317934215
-0.0672190487
-0.1866726428
-0.3190342486
0.3458051682
0.0637370273
-0.0980147868
0.0458536893
0.1662465036
-0.5022532344
-0.0286282301
-0.0844766498
-0.5098524094
-0.0202199314
1.2711207867
0.0628904477
-0.0329814330
-0.5420914888
-0.5069417357
0.0399750993
0.5134274960
0.1399647444
0.2576803267
-0.2755844593
-0.2296977788
-0.6948202848
0.1124082804
0.3850857019
-0.0885026231
-0.2950259149
-0.5913837552
-0.2685548961
-0.1547317654
0.5189080238
-0.1035050526
0.3301223218
0.1865473986
0.5751910210
-0.0249575078
-0.2052377462
0.1625011116
1.1375297308
0.3345497549
-0.0985300764
-0.4187344015
0.7129876614
0.6938669682
-0.1655356437
0.5384208560
0.2853358984
-0.8237477541
-0.1278664768
-0.5515180230
0.7724592686
0.1888408214
-0.3073723614
0.1810780168
0.4089452624
-0.4083861411
-0.6071936488
0.7833563685
-0.0476187319
0.2150325626
0.1180894822
0.0166983735
0.5227364898
-0.2045713514
0.2943432629
-0.1088646129
-0.3945097327
-0.8229009509
0.6122395992
-0.6014214754
0.1124948859
0.3358320296
-0.2989174724
-0.6698801517
-0.4750113785
-0.3695973158
0.8437048197
0.1048392281
-0.4396341145
-0.9774152040
0.3885454834
-0.2836637795
0.1240795925
-0.0029293052
-0.1304319203
-0.2082222253
-0.3857164681
-0.1237899140
0.4052199721
-0.4154826701
-0.0245480519
-0.4534470439
-0.1521864831
0.1239750162
0.4303888381
-0.4183502197
0.5392497778
0.5529055595
0.2585021555
-0.8746450543
0.0673570558
-0.7130598426
-0.2263236493
0.2780187130
-0.0905542150
0.1029692069
0.6695650816
0.1673033684
0.2420552969
-0.0334587395
0.2624030709
-0.0191217456
-0.3372556269
0.0445291139
0.4236654937
0.2452345192
-0.3378646076
-0.4316806793
-0.3319053352
-0.1583449244
0.5233294368
0.0121711176
0.6215369105
0.8054087162
0.0039400957
-0.8806862831
0.5802334547
0.2291903794
-0.3332832456
0.0480575338
0.4526146352
-0.0774704441
0.3673904240
0.1417281628
-0.4121825695
-0.1856547892
-0.0969627872
-0.2070859075
-0.0674396455
0.7206499577
0.2460522354
-0.2393838912
-0.4343172610
-0.5473589897
0.2869155407
0.0203229040
-0.1807425171
0.1929545999
-0.5014889836
-0.1719571650
-0.4547699988
0.0874604881
-0.1420806795
-0.0724198073
-0.3725906312
-0.3750536740
-0.1705100238
-0.1224378347
0.6956539154
0.0045164539
0.0182180032
0.1499253809
0.2726943493
-0.3276926577
-0.0682455301
0.0670556277
0.4395448864
0.1843103170
0.0560981072
-0.2075113207
0.6420856714
0.3922316432
-0.1431293488
0.3435702920
0.0210352968
-0.3302986920
-0.0140739828
-0.1516919136
-0.4953770638
-0.4028920829
-0.2220534086
0.2726048827
0.0170704257
-0.0988245234
0.3052559793
0.2837398946
0.1385505795
0.2926983237
0.6017392278
-0.0054783360
-0.1192445159
0.1633033156
-0.0493771657
0.4668861628
-0.2302482426
-0.8276225328
0.6573677063
-0.2841128707
0.0161356013
0.2254024893
-0.6448013186
-0.6360876560
-0.3199858367
0.0627067611
0.6017331481
-0.0653596148
-0.0487941131
-0.9587146044
0.1167104021
-0.0250844657
-0.0207627192
-0.3160094321
0.5516089797
-0.2117918283
0.6305375695
0.3984704614
0.8014168143
-0.5793900490
0.3949745297
-0.1057520583
-0.7585935593
0.5072086453
0.6870654821
-0.5152119994
0.4649473429
1.5789539814
0.0494700335
0.0425478891
-0.2873011529
0.4992029667
0.2879392505
-0.0228823051
0.1355849355
-0.0165000595
0.4159007072
-0.0354644768
-0.1123043001
0.7747246027
-0.0457196422
-0.0202317331
0.6772826910
0.2304716706
