0.4507844746
0.05829336867
-0.06484611332
-0.6238580346
0.367336899
0.3696840703
0.1942210943
0.4436084926
0.008561044931
-0.4796999097
-0.4179568291
-0.1856737435
-0.1036842018
0.7492908835
-0.9401831031
0.1458942443
0.4693880975
-0.07444237918
0.5826780796
-0.1176099628
0.1520661712
-0.2675325572
-0.4527241588
0.1007754579
-0.2147934288
0.3891270757
-0.1221941561
0.6070699096
-0.3602824211
-0.1704097837
0.213583976
0.03376208246
-0.5682938695
-0.01652611047
-0.2412763834
-0.1967780292
-0.06408191472
0.1371606588
0.08320845664
-0.329685688
-0.4363427162
0.4217187464
-0.07639168948
0.3189895451
-0.6629457474
-0.1708501577
0.05296739191
0.7762175202
-0.07667787373
0.09966811538
0.05928777531
0.2897017896
-0.101775527
-0.2665429413
-0.01656033471
0.1718743294
-0.05913641304
-0.09546586871
0.2829615474
-0.05320232362
0.3154548705
-0.3952344656
0.01454597339
0.2428418249
0.1626614928
0.1797250211
0.00354207214
-0.3800299168
0.3066927791
0.2914997041
-0.1799988747
0.5273687243
-0.05393632129
-0.6131433249
-0.213124752
-0.03765743226
-0.1559600979
0.6934390068
-0.8229976892
-0.1770615131
0.3459911048
0.1148351207
0.4460813999
0.1010168642
-0.1275058985
-0.353649199
-0.3777814806
0.4518271983
0.1448957324
-0.1039099246
-0.03631861508
0.6218755841
-0.2355824262
-0.1461791247
-0.3015809655
0.0223704055
-0.2175462097
-0.1312888414
-0.2057491243
-0.02763012797
0.01064627245
0.4915763736
0.1405100524
0.1692444235
0.0391911678
0.0009401794523
-0.2268050462
0.2679038346
-0.1292969286
-0.08810067922
-0.520386517
-0.01366619952
0.06522662193
-0.0528300181
-0.2410040349
0.3433696926
-0.2649621964
-0.3743307292
-0.1108841598
0.05630088225
0.01747163758
0.09033436328
0.4826428294
0.1500236839
0.2090267092
-0.226587221
0.1129988581
0.1874932051
0.1579574496
-0.1161572635
0.06983984262
-0.1577336639
0.1107571796
0.4972382188
-0.07296485454
0.06146899238
-0.05238372833
-0.4975164533
-0.4322279394
-0.2974450588
-0.1776765585
0.9738999009
-0.6313056946
0.3157713115
0.4378876984
-0.1859128624
0.5602349639
0.1587416679
-0.03661164641
-0.4485108554
-0.3692599237
0.3656264842
0.1530203223
0.1889043301
-0.005288098007
0.4311429262
-0.5885179043
0.1545603424
-0.2537491322
-0.2056631744
-0.2015883923
-0.01485351473
-0.2996894717
0.1922371686
0.02897920646
0.01484129578
-0.243964076
-0.1568809748
0.4953622222
0.000194163993
-0.5818507075
0.5446685553
0.09059764445
-0.07981240004
-0.26583606
-0.04532210156
-0.006459798664
-0.5665400028
-0.5836142898
0.3313644826
0.2672238052
-0.01579113677
-0.2421581745
1.146431088
0.3010569513
0.4672478139
0.9188023806
0.4373238087
0.2227016985
-0.6899374723
-0.008133947849
0.1202348173
0.02695626765
0.2835410833
0.2899726629
-0.196019873
0.3164149225
0.2717345357
-0.4472489953
0.1550979763
-0.03454018384
-0.2573037446
-0.5053522587
0.04274788126
-0.234843418
0.5549078584
-0.3928056657
-0.1083812416
0.6890287399
-0.4336491525
0.5094777346
-0.03120820224
0.1919312477
-0.6280078888
-0.4758729041
0.113451682
0.09634131193
-0.1128005385
0.4208430648
0.1458563209
-0.1842369437
0.2561639845
0.2198465466
-0.131842643
-0.4065937102
-0.08575860411
0.2706396878
-0.2156253457
-0.02648570761
0.281583488
0.2384313345
-0.3238681853
-0.4750830829
0.6460695863
0.1212379113
0.3872377276
-0.6515026093
0.08951824903
-0.02305728011
0.6391029954
0.05030016601
0.01412882656
-0.0609584637
0.3480098546
-0.1132310703
-0.3175345063
-0.05983171612
-0.05068465695
-0.1006568447
-0.122653693
0.389667958
0.04456497729
0.1326660514
-0.371504426
0.2462158799
0.1770232022
-0.2738345265
0.0173747763
0.09758745134
0.5011276603
0.06078895926
0.1335407943
-0.8587267995
0.2905022204
-0.05189793929
-0.6569166183
-0.2626504898
0.2114521265
-0.3661054671
0.7439314723
-0.4617640376
-0.3379859626
0.56270051
-0.1947312951
0.344213903
-0.3052198887
0.1681647003
-0.1426552981
-0.7404398322
0.09078862518
-0.3828881085
0.2440754771
0.1663033366
0.4197646976
-0.2612960935
-0.110534668
0.5157381892
-0.006184279919
-0.2168639302
0.04139851779
0.1998336762
0.2094144672
-0.1313119382
0.217423588
0.04239114746
-0.23327595
0.3203892708
0.3212062716
-0.1630797535
0.5729965568
-0.1632659882
-0.09177087992
-0.4077937901
-0.08144937456
-0.1590308845
-0.3247741759
0.2179626226
0.2953099906
-0.2837793231
-0.2912040949
-0.01690858603
-0.1187797487
-0.114333801
-0.08768029511
0.0836334601
0.1481837779
0.4789651036
0.2175248414
0.02430496737
-0.1395415366
-0.0941747427
-0.02984223142
0.31793347
-0.0484700501
0.1514460742
0.1854927242
0.06712892652
0.281778872
-0.1533541828
-0.5358305573
-0.3323430419
-0.4119180739
-0.09665645659
0.7825692892
-0.5424032807
-0.08068232238
0.6719753146
-0.3019760549
0.2167150527
0.6540915966
0.3890075982
-0.1488797963
-0.7250172496
0.08084153384
-0.01518930867
0.5727494955
0.1191240847
-0.09664464742
0.03270692378
-0.1379318684
-0.2106313407
-0.2385296971
-0.3687562943
0.01512865908
0.2881841362
0.187798053
0.1137706563
0.1473689377
-0.1735629737
-0.2014988959
0.3066357672
0.1956477463
0.0198752284
0.5884153247
-0.3119822145
-0.356123656
-0.5094082355
0.0529544279
0.07022341341
-0.07177755982
-0.184420228
0.2942042947
0.00767840445
-0.2488930225
-0.1802707464
0.07436338812
0.003897614777
-0.002343431115
0.5011823773
0.08264599741
0.007852993906
-0.4847179353
0.2550902367
-0.0206066221
0.3718025684
-0.4057385027
0.3886624873
-0.4680435658
0.2687896788
0.3554850817
-0.01755304635
-0.05656279996
-0.3753505349
-0.3786487281
-0.1573526859
-0.06445868313
0.4303306043
0.6534025073
-0.6982671618
0.3906008005
0.571465075
-0.3856312335
0.6244755983
0.1550580859
0.3607995808
-0.2191663235
-0.4046561718
0.2482666075
0.2178787589
-0.3716925979
0.2072268575
0.5141963959
-0.6192969084
0.04436638206
-0.1460921913
0.06189985573
-0.559861362
0.1100607291
-0.02528420836
0.2939469814
-0.0381603986
-0.1400697827
-0.2114987671
0.1040070653
0.4451080263
0.162626788
-0.05985266715
0.4064152241
-0.4405232668
-0.1962998211
-0.5337077975
0.08287479728
0.1062128097
0.03228510544
0.1970989257
0.4395968318
0.03652879968
-0.3632217944
-0.07137601078
0.6742836833
-0.09347486496
0.6675840616
0.6048201919
0.1461572647
0.1047262102
-0.5109857917
0.3243415356
0.387745738
-0.03512877226
0.1394674331
0.3404217064
-0.0244069919
0.0897821635
0.3150187135
-0.1254918873
0.06136803329
-0.2908364534
-0.4246874154
-0.3152088523
-0.2106426954
-0.04332824796
0.7105305195
-0.4607950151
0.09559056163
0.7818098664
-0.4322074354
0.4430197477
-0.0415982157
0.2176770419
-0.6617400646
-0.7829850912
-0.1483727992
0.02390852571
0.1593940258
0.3284500837
0.03124883771
-0.1020884961
0.1787842661
0.5094963908
-0.1726714969
-0.08957325667
-0.01874238439
0.7391457558
1.051062465
0.151922226
0.5344215631
-0.6769098639
-0.8145948052
0.6211743355
0.3562356532
-0.826393187
1.538067222
0.9919175506
-0.7609309554
-1.046853185
-1.612930059
-0.1217696667
-0.4365932941
0.01139500644
0.3547630608
-0.5568803549
-0.4041989446
-0.319170624
-0.2173410654
-0.2197728157
-0.1632876098
0.07053869963
0.1325069517
0.4444340467
0.2778612971
0.1036194563
0.07692483813
-0.3008022606
0.1923629642
0.2425999343
-0.7251476645
0.5400654674
0.67977947
0.5068778992
0.1964952946
-0.4503928721
-0.2933468521
-0.368236959
-1.031668544
0.5610303879
1.990882039
-0.8669633865
0.1727849096
0.8744283915
-0.4183626175
0.3537593186
0.161901027
0.4289788604
-0.3309675753
-0.5285378695
0.1288653612
0.1804753244
-0.1334592402
0.3733349442
0.0311111249
-0.1653040946
0.060204871
0.05664181709
-0.2894211113
-0.4012979865
0.2852923274
0.0704773888
0.04385793209
-0.0364497155
-0.206176132
-0.1193247139
0.2298093885
0.3405088782
0.1973094046
-0.1107143611
0.07894934714
-0.2966395319
-0.1252887994
-0.6363432407
0.3592107594
-0.156625241
-0.01811994612
0.1526377946
0.443593502
-0.03714554012
-0.4406712651
0.0717177242
0.2716253102
-0.06796115637
0.1827484816
0.1809805483
0.0468146354
0.08703906834
-0.6480606198
0.245334655
0.1457718015
-0.09606707096
0.004095688462
0.3961687088
-0.1375770867
0.09887572378
0.2033644915
-0.04747512192
0.3168266714
-0.3150599301
-0.4748127759
-0.1605059206
-0.03491517901
0.2928053737
0.6225935221
-0.4435793459
-0.2492506355
0.7210422158
0.1674416512
0.2700076699
0.328653276
0.3017841578
-0.2697262168
-0.2510912716
0.302778244
0.1178249866
0.4848748446
-0.2137234956
0.5586322546
-0.4557338953
-0.3571204841
-0.5732247233
-0.3388648629
-0.2667996287
0.07912410796
-0.228668198
0.0205603838
-0.07204443961
-0.02594506741
-0.09189075977
-0.0336163342
0.2008572221
0.1868740171
-0.3730815947
0.3253031075
-0.2153752744
-0.111968264
-0.2738843262
0.387169838
-0.05072847009
-0.1685503423
0.1766349673
0.2895712554
-0.3815321028
-0.5357912779
-0.3479499817
0.1192027852
-0.3126456141
0.08386228979
0.04636222124
0.0406652838
0.2851079404
-0.1151906699
0.3010111749
0.2408477664
0.5903317332
-0.3153706789
-0.1083426252
-0.3486840725
0.2602602541
0.3452643156
-0.1737429798
0.03333032131
-0.01746486872
-0.6087073684
-0.2826856673
-0.00662535429
-0.1937595308
0.6094080806
-0.8865578771
0.6741132736
0.7295556664
-0.5912870765
0.216858238
0.1735586226
0.3499716818
-0.3908418715
-0.3220991194
0.1031916365
0.2631366551
-0.6675826311
-0.06061968952
-0.1223134845
-0.2598997056
0.1702986658
-0.1183410808
0.06424158812
-0.3492955267
0.02344937623
0.0257733576
-0.1643640399
0.08694183081
0.1563389897
-0.03373368829
0.2038639784
0.176331982
0.09173426032
-0.01676510274
0.1820565611
-0.4767791927
-0.3576060832
-0.6086338162
0.3923174143
-0.09582437575
0.04465427622
0.2125424594
0.1135464758
-0.1293047816
-0.2660828233
0.366742909
-0.2893804312
-0.2276596278
0.01919432729
0.04934484512
-0.1453131884
0.2627298832
0.05543223023
0.2944666743
-0.09649149328
-0.005697473884
0.2527919412
0.4297154248
0.2810153961
0.08685870469
0.3042550981
-0.1846599728
0.02478923462
-0.3704146445
-0.4979985356
-0.2242682576
-0.05121770501
-0.2972494066
0.72115165
-0.2903606892
0.08379115164
0.7998920679
-0.09592303634
0.3936703801
0.4632165432
0.3806143105
-0.3083561063
-0.4069775343
0.1379881054
0.152443856
0.5682781339
-0.1129389405
0.3202896714
0.01687683724
-0.4410861135
-0.4071495533
-0.2670080066
-0.5214256048
0.1074937508
0.420466423
-0.1575060487
-0.0253602583
0.1692528874
0.2549281716
-0.428810209
-0.3536145985
0.6575205326
0.3108395636
0.2368228287
-0.6032471657
0.1757201999
0.03346488625
0.6454986334
0.1191717386
0.05716178194
0.130425781
0.2722090483
-0.2532090843
-0.4093512595
-0.2104389668
-0.4456207752
-0.3561311662
-0.1777749509
0.301454097
-0.08400963247
-0.1244435683
-0.2552451789
0.483276248
0.01708810031
-0.1671964228
0.1730157733
0.3084746599
-0.3894947171
0.2420726717
0.5353245139
0.2966273427
0.1231886148
-0.2782019377
-0.3673726618
-0.4060001969
-0.7493724227
0.2030499876
1.31304431
-0.5193158388
0.1594287753
0.4429797232
0.1622715592
0.5752731562
0.2343240082
0.07408514619
-0.5701085329
-0.4358007312
0.4008883536
0.3062884808
0.6306056976
-0.2077002525
0.8207763433
-0.05076192692
-0.2203935087
-0.5660707951
-0.1773085892
-0.3506399095
0.1346935332
0.08291843534
0.3995156586
0.03187518939
0.03607714176
-0.3533809185
-0.07554803789
0.3473446369
0.1355735362
-0.4636671841
0.5913833976
0.07803827524
-0.4116198719
-0.7777559757
-0.327603519
0.0925976485
0.1996589303
0.3725872636
0.1585174799
-0.6102657318
-0.7450324893
-0.09860507399
0.004940493032
-0.7903504968
0.2531764209
0.1544176191
-0.3587217331
0.1377921551
0.2676870525
0.215922758
0.667532146
0.5460602045
0.09043349326
-0.1068870723
-0.6991010904
0.394254148
0.5325576067
0.01845411584
0.6290616393
0.08400291204
-0.40595451
-0.4919672608
-0.1359062791
-0.2253263146
0.6323379278
-0.9012597799
-0.06255684793
0.811833024
-0.3050301075
0.1712906659
0.41181162
0.4444891214
-0.7510448694
-0.8809781671
-0.07852678746
-0.04212581739
0.03199744225
0.3586704731
-0.01731924526
-0.2036003172
0.3207334876
0.302172184
-0.4333183169
-0.2269369215
-0.1217109784
-0.320455879
-0.2712692916
0.04779689759
0.4496251047
0.1259380579
0.09989532083
-0.001066185534
0.1896307915
-0.06157910079
0.1220876724
-0.3160584867
-0.1573227793
-0.350610733
0.382299751
-0.02608468384
0.296782136
0.3553815782
0.1381112784
-0.1524305642
-0.4755313694
0.3485850096
-0.2379084378
-0.4430204034
-0.1960605383
0.03302460536
-0.2372339964
0.2018560022
0.2535222471
-0.03513074666
0.1789961159
0.5825120211
-0.4514503777
-0.0881427899
-0.3881214261
0.2231719345
0.2017516792
-0.1662257016
0.1237271875
-0.1362971812
-0.6732184291
-0.1036145464
0.04935516417
-0.07237011939
0.5056840181
-0.8705725074
0.6812790036
0.7573409677
-0.04069370404
0.2577598393
0.5074042678
0.5305645466
-0.3756512403
-0.3445030749
0.175991267
0.09565394372
-0.1277304888
-0.1018597335
0.2274843156
-0.5198687315
0.1414706856
-0.1668109149
-0.1290756166
-0.6571797132
0.1176447421
0.4611006975
0.4262793064
-0.2068385333
0.2261864543
-0.1318231374
-0.2242063582
-0.2759148479
0.2828175724
-0.1730287075
0.1625013351
-0.2168275863
0.07832301408
-0.07172004133
-0.1288773417
0.3036705852
0.6855157018
0.5324317813
0.3943651915
-0.05473100394
-0.05950564519
0.2110684812
-0.1507317871
0.01977597177
-0.191699326
0.2454458773
0.07754673064
0.3371273279
-0.2244110256
-0.09407117963
0.08114378899
-0.191285789
-0.0643363297
0.2101487666
0.03258106112
-0.0445560813
0.5205380321
0.09328775853
0.2458109409
-0.1215676963
-0.4484343231
-0.4536467195
-0.5207239389
-0.1065809578
0.9811615348
-0.2838724554
-0.01839394122
0.7218546271
-0.01022257283
0.1698395163
0.2060867846
0.2368888855
-0.517401278
-0.6759120822
-0.2510115802
0.5959425569
0.2533801198
-0.109380506
-0.5561144948
-0.3092128336
0.441252619
0.1225086078
0.277702719
-0.6255283356
0.06847204268
0.2843985558
0.6301292181
-0.05293112993
-0.0128666237
-0.2860889435
0.0942106396
0.5990812182
-0.09317305684
0.207474187
0.6839385629
-0.3841418028
-0.3211432695
-0.6951779127
-0.2313820422
0.3869368434
0.493537426
-0.1825208515
0.04869782925
-0.259836942
-0.3349468112
-0.2164066285
-0.8698620796
-0.1703511626
-0.3610349
0.5273521543
-0.1285142452
-0.3292776346
-0.244271785
0.3728452623
-0.2325838357
0.3025940955
0.2619280815
-0.2047112733
0.4415246248
-0.3504977226
0.1525411904
0.1419041902
0.2808409929
0.2931334674
0.09354652464
0.001886337996
-0.0600039959
0.4116603434
0.2280371487
-0.1678907573
-0.3379179239
-0.9178277254
0.3809680045
-0.03435223922
-0.2263495326
0.2055255175
-0.1621107161
-0.2338856459
-0.2699147463
-0.215280503
0.6035857201
0.04794960469
0.5271072984
0.2093853951
-0.6086914539
-0.01491065323
-0.009857654572
-0.3046214581
-0.5907609463
0.007723867893
0.02691360936
0.0409736447
0.5875752568
0.05168421194
-0.3942952454
-0.00155762583
-0.6062552929
-0.09468392283
-0.02353378944
-0.309969157
0.3926558197
-0.5371834636
-0.04773104563
0.1609396338
-0.05910814926
0.2137545198
0.06829190254
-0.1751392782
0.1247233301
0.4227052927
0.1367056519
-0.005888414104
0.169244647
-0.05183353275
0.3821779788
0.2361515164
-0.009071518667
0.135760203
0.05209103599
0.5520259738
-0.2598846555
0.2742193639
-0.04139331728
0.1976523548
0.5517981052
-0.159940511
0.6828270555
-0.2825831771
-0.1140652224
0.3567235768
-0.1369746029
0.3658293784
0.2872748077
-0.3381459117
-0.4365887642
-0.251788348
0.1867804974
-0.07981611788
-0.09891670197
-0.1790411919
-0.4424510002
0.5520352125
0.3183372617
-0.02476789244
0.6347000599
-0.1485557556
0.3256138861
-0.777718246
0.1672593206
-0.2124525458
0.1477316618
-0.4366199672
-0.2863463461
-0.07225719839
0.1629142612
0.2021191418
0.2066322267
0.4623188674
-0.2188488096
-0.04218926653
-0.379614234
-0.1395812035
-0.0602986142
-0.2877270281
0.4235625565
-0.2040529847
-0.07196286321
0.04785091057
-0.4450650215
0.2637005746
-0.02650363371
-0.3883323073
0.001889795065
-0.1579422802
-0.312230736
-0.02658411302
-0.01734082401
-0.2343614101
0.6662845016
0.567168951
-0.2834757864
-0.5164729953
-0.1443061829
0.1897412837
-0.1183973625
-0.03978558257
0.03617653996
0.3270328939
0.5974932909
0.01657515764
0.191192314
-0.03272911906
-0.1516401768
-0.01868564822
0.002734789625
0.5320953727
-0.003681156784
-0.1074566171
-0.141215384
-0.1173952073
-0.1991607547
-0.5217111707
-0.1302946061
0.7011557221
-0.3510794342
0.2511765957
0.1775877923
-0.4204131961
0.2254451662
-0.2181721777
0.3737112582
0.07851435989
0.12490201
0.2818085253
0.3484950662
0.02152816951
-0.1991733313
-0.04588767141
0.1792785972
0.05007342249
0.3743673861
0.426237613
-0.3387420774
0.1406143308
-0.6475268006
-0.7328816652
-0.05562509596
-0.3269212544
0.7205224037
-0.2404752225
0.1604716927
0.005704567768
0.07351130992
0.413815856
-0.01575582474
-0.1525089592
-0.2169390023
0.2577542067
0.3693890572
-0.01897002198
0.08652608097
0.02033853903
0.6548644304
0.1717353314
-0.2693553865
-0.2550728619
0.5740465522
0.5615946651
0.1271639168
-0.2619695365
0.22988832
0.4457266927
-0.1137365401
0.1396638304
-0.1622010171
-0.4055528939
-0.452061832
-0.2618533075
-0.5979601145
0.3313159645
0.05063773319
-0.1614099741
-0.7354180217
-0.4183988273
-0.26237607
0.2477990538
-0.681553781
0.4136508703
-0.4566584527
0.9273194671
0.5011840463
0.3268034458
0.5365360379
0.08208466321
-0.3353841603
-0.3231742382
0.09118527919
0.04461365566
0.3274848461
0.05277279019
-0.6458494067
-0.05944739282
-0.7453831434
0.4370008707
0.01948323846
-0.06587930769
-0.4923148155
-0.4621856809
0.06896739453
0.5096250176
-0.2564741075
0.00250454247
0.04515394568
0.07081711292
-0.06744807214
0.3466621935
-0.04110842198
0.3201487064
0.03265181184
0.1063869521
0.5901961327
0.1165251285
-0.4648171663
-0.003084145486
0.3082339168
-0.1716342717
0.2887001932
0.2365615219
0.3054768145
-0.337613672
-0.3299625516
0.4520384967
-0.3696264029
0.4634745717
-0.02881193534
0.3762404919
0.6083388925
-0.03713160008
0.6400580406
-0.4543706477
-0.1022269428
0.2461920828
-0.1606129557
0.5207131505
0.2144547552
-0.4247140288
-0.6259070635
-0.5867571831
0.07345606387
-0.3452009857
-0.5305956006
0.1551779509
-0.2502119541
0.1167785898
-0.01103335992
-0.2774044275
0.4691066444
0.2374874353
0.4152958095
-0.227573365
-0.2282577157
-0.0009950660169
0.2654558122
-0.1287768036
-0.1621298045
-0.1673554033
0.2827135921
0.1483367831
0.1087695733
0.542933166
-0.487126261
0.2646321356
-0.3211805224
-0.1245136857
-0.04435679317
-0.01514934003
0.237075299
-0.3498129547
-0.06079124287
-0.1046611816
-0.1924135238
0.1456022561
0.01463626698
-0.383612901
-0.2545255423
0.04603640735
-0.4410148561
-0.1205000058
0.3339245021
0.1380275935
0.4093025327
0.7308028936
-0.2467364818
0.03507056087
-0.1606447101
0.3740808666
0.2583349645
0.08928841352
0.1648070067
-0.04853937775
0.1264758706
0.1295780838
0.1575002521
-0.3371379673
0.2501047254
0.08357812464
-0.02662227489
0.416331917
-0.06712580472
-0.4734422565
-0.4610489309
-0.5908119082
0.0198249314
-0.3676828146
-0.1559635848
0.0461370796
-0.4878534973
0.1658532917
0.1667581499
0.115133144
0.3192937374
0.01101163961
0.20242621
-0.2427093685
0.2014285773
0.3047820926
0.3191352487
-0.3140301108
-0.4461360574
-0.42440027
0.3579451144
0.03979617357
0.0240765661
0.3284377158
-0.4568382502
0.4598786831
-0.4436282218
0.3182879984
0.7218973637
-0.2383232415
-0.01117860153
0.02158551291
-0.2619685829
-0.05969047546
-0.742430985
0.6702276468
-0.3443327546
-0.3114818335
-0.123833783
-0.581679523
-0.6521407962
-0.3424043655
-0.627822876
-0.06854299456
0.9734511971
0.9159387946
-1.057113767
-0.4589664936
0.003946244717
-0.4917231798
0.3174566329
-0.8503758311
0.2738461494
-0.1527015567
0.5584562421
0.344735384
0.2806224823
0.9608851075
-0.4612965882
-0.8021663427
-0.1225732639
0.6497145891
0.411583364
0.6005225778
0.1895182133
0.1849144399
0.362421155
0.3365117908
0.8748297691
-0.3978497982
-0.4948119521
1.198679805
0.4048817456
0.1788075119
-0.3364115655
-0.1099132299
0.6204665899
-0.500115633
0.9853962064
-0.2578092217
0.1974443197
0.2738938332
-0.1791585386
1.401679873
-0.07636129111
-1.143332124
0.5698358417
1.114106536
-0.04274246097
0.6907654405
-1.079297185
-1.643839598
-0.1297541857
-0.6301597953
1.062620401
0.3477479815
0.2443634421
0.2732091844
-0.1717195213
-0.02117289975
0.1226498261
-0.07546360046
0.1305045336
-0.167404741
-0.3843681812
0.1735221148
0.3595919311
-0.2125520706
0.3766398132
0.4837037921
0.3520310819
-0.7186669707
-0.2747290432
0.6126952767
0.1562566161
-0.03706673533
0.3013495803
0.1518100202
0.07799868286
0.1364575326
0.4960859716
-0.3248145878
0.136945799
0.2065695226
-0.2256823033
0.416374892
0.390637368
-0.3066810071
-0.5551478267
-0.5577956438
-0.3084382415
-0.2084716409
-0.5846586823
0.1204497367
-0.1930354238
0.7042496204
-0.003815811127
0.2177945077
0.673841536
-0.1667106301
0.2057584226
-0.3555318713
-0.313334018
-0.03985017166
0.006097648293
-0.09302137792
-0.2450595051
-0.2794493437
0.08034171909
0.2629776001
0.3007114828
0.4014233649
-0.3129172921
-0.04801042005
-0.184180364
0.09942993522
0.03104302101
-0.03200280666
0.0484611094
-0.3125939965
-0.05333993956
0.3218965828
0.1451217085
0.1058178842
-0.2056378722
-0.5154473782
0.2780580521
0.3113051057
-0.4179376066
0.2979420722
0.01999915205
-0.2908723056
0.5914415121
0.6230350733
-0.06820292771
0.0166007895
-0.1277040541
-0.07521989197
0.1019204408
-0.2812745869
0.01420851797
0.1195417568
0.6766137481
0.323213011
0.3023853302
0.3668738008
-0.5329533815
-0.1171103865
0.02126922831
0.862549901
0.06094004959
0.3494643867
-0.06252337992
-0.2679227591
-0.1459846199
-0.0599565357
-0.1429985613
0.3875625134
0.001544523984
0.5825861692
0.1847830266
-0.1379467994
0.4934255779
-0.2677077651
0.3042441905
-0.3557787836
-0.2686225176
-0.123395443
0.4195061922
-0.3025661111
-0.08453083038
-0.4674276114
-0.09325887263
0.3700025678
0.6257410645
0.5214980841
-0.1866896749
0.07154206932
0.08395928144
0.07670144737
0.3599864244
-0.3580356538
-0.04352289438
-0.2411613762
0.2005259395
0.1653336436
-0.2225126922
0.3412217498
-0.1799731553
-0.01826405525
0.02154370397
0.07107426971
-0.4131613374
0.02892836556
-0.008441448212
-0.1495006979
0.5597710013
0.3961678743
-0.4354864061
-0.1132931337
-0.01415580511
0.32323125
0.06817151606
-0.2975506186
0.1768543124
0.1837261617
0.3114233017
0.1988570988
0.3318490684
0.0566489622
0.1306157708
-0.1232978404
0.06321714073
0.3327428102
0.5350936651
0.01213438436
-0.09562321007
0.2022162974
-0.2527947426
0.1002994478
-0.4660548568
0.8139413595
-0.3726305366
0.8035570383
0.04343000054
0.1533097327
0.2451692373
-0.3349940777
0.1367218941
0.08008283377
0.01811332256
0.4623242021
-0.08578206599
-0.8419731259
-0.5361527801
-0.1677585393
-0.1667383164
0.1139609888
1.14207685
0.3427841663
0.09059204906
-0.4433143437
-0.3099815547
0.1968491673
0.281591922
-0.4490166306
-0.08693441004
-1.04129827
0.1601992697
0.360283792
-0.02590502426
0.1449193954
0.02626070753
-0.3045035303
-0.04509640113
0.2919341028
-0.2981257737
-0.006288289558
-0.02212326229
-0.3319878578
0.4381522536
0.4914231598
-0.4520609081
-0.007816870697
0.0633687526
0.4861008823
0.007437720895
-0.3174452186
0.3738004267
-0.2647229731
0.05789504945
0.3239808977
0.09428426623
0.1546281278
-0.1046164259
-0.03335784376
0.04135896638
0.3754391968
0.3468286693
-0.3075166345
-0.4166711569
-0.6183232069
-0.01495319605
-0.5723260045
-0.02134622261
0.1978908777
-0.4945968091
-0.2010982037
0.1477089524
-0.2761713862
0.4106642604
-0.08881869912
0.3407010436
0.01480803266
0.05187114328
0.3197895288
0.2841633856
0.1066691205
-0.1863229126
-0.485627681
0.03996239975
0.2484167218
0.354085356
0.01551322639
-0.5254517794
-0.1447145641
-0.28870821
-0.1913808286
-0.09865932167
0.08769823611
0.6667134166
-0.4386281073
-0.06612855941
0.1573264003
-0.0410201773
0.3828738928
0.03048931807
-0.5042954683
0.6288936138
0.3120838404
-0.6249552965
0.1261914968
0.322697103
0.02662722021
0.6783525944
0.4414485693
0.3384797573
0.4363612533
-0.2619008422
0.372325182
0.1973646283
0.004719391465
0.08605342358
-0.01866577193
0.1000616997
0.06555064023
0.1163053215
-0.0411814712
0.05891245231
0.1242271736
-0.2020775527
0.6448898315
0.0563871786
-0.3741728663
-0.5594631433
0.5343145132
0.1461917907
-0.443571806
0.1319846362
0.752094686
-0.1299809813
0.9688026309
0.6219189167
-0.6591688991
0.6601310372
0.09640161693
0.3015584648
-1.308768511
0.2152778208
0.2880526781
1.048571229
-0.19322218
-0.1465898007
-0.03957442567
0.4743039012
-0.1458077133
-0.1363849789
0.3338903785
-0.9650995135
0.8177899718
-0.739339292
-0.1985632479
0.3358733952
-0.2942498028
0.7114800215
0.1518898457
-0.2172470689
0.4298725426
0.1155181304
0.008157604374
0.08799013495
-0.4146133661
0.4998586774
0.2425435185
-0.4466430545
0.07020622492
0.3452584147
-0.2664512694
0.4929424524
0.4922439158
0.4306037128
-0.1856767833
-0.1704838127
0.06112717837
0.0390484333
-0.01573772356
0.09755255282
-0.1995200664
0.4313530624
0.3056246638
0.3245242536
0.3911077976
-0.06382402033
-0.08665562421
-0.02093569562
0.7788187861
0.1985346526
-0.09703950584
-0.4588530362
0.007445671596
0.0676330924
0.1369123906
-0.01242350042
0.3922570944
-0.4035436213
0.8062968254
0.4546649456
-0.2264695764
0.6655028462
-0.2000831664
0.0791547969
-0.5665568709
0.04306564108
-0.06597652286
0.2919240892
-0.1138722152
-0.7180876136
0.297323823
-0.6178931594
0.1921646744
-0.05540204793
0.04864957929
-0.5560116768
-0.6440905333
-0.2233729213
0.4378565252
-0.2256406099
0.1075444296
0.1711598337
-0.06458929181
-0.20377931
0.02904639952
-0.06948532164
0.1059685871
0.1286654919
-0.4085019231
0.06179022416
-0.2953427136
-0.2668653131
0.1275074333
0.2459171861
-0.0557433106
0.6967284083
0.6356483698
0.05241788179
-0.2888334095
0.006304867566
0.442297101
-0.1100932956
0.3486059308
0.5416158438
0.3254392743
-0.1830462366
0.02243650705
0.6584472656
-0.4373020232
-0.1678169072
-0.2444994003
-0.6708879471
0.2463606
0.0569463335
-0.5414084196
-0.9026086926
-0.384161979
0.09255136549
-0.604439199
-0.2558923066
-0.08392450958
-0.5441164374
0.001281592529
0.3158465028
-0.1999014616
0.2003382444
0.6111451387
0.2474236339
-0.0956857577
-0.1214858815
0.3468838632
0.2885771692
0.3668092489
-0.2620185018
1.370126009
0.04901142418
-1.095720649
0.5096770525
0.940023303
-0.1869478822
0.7388412952
-1.230332136
-1.687549829
-0.3470701873
-0.5189106464
1.209491253
0.2358954996
0.1421014667
0.3620979786
-0.1414961964
0.3278509378
0.1517440379
0.1108084619
0.2131544203
0.4211519063
-0.07255993038
0.01320247818
-0.02457618713
-0.270539254
0.2120572031
0.2995895445
-0.200923577
0.03162677959
-0.2055234909
0.2091378272
0.02724033408
0.3813250363
0.4136683941
-0.03446257114
0.1059004515
0.337587893
0.4879297614
-0.4803078771
0.3019507229
-0.136870265
-0.06985991448
0.3765300214
-0.0004675835371
-0.5280693173
-0.6396061778
-0.3335599601
-0.491520822
-0.4886262417
-0.2539197505
0.1509435773
-0.5002582073
0.06929650158
0.2517055869
-0.3027724624
0.4056533277
-0.141225487
0.2216414213
-0.02925012261
0.06660875678
0.3463261425
0.3283141553
-0.03417427093
-0.4450133145
0.07950744033
-0.08127449453
0.1704798937
0.1332924068
0.2993429005
-0.2992389202
-0.343696177
-0.1900126338
0.1191226318
0.08468005806
-0.2197371274
0.1212057769
-0.09765060246
-0.1556572169
0.4365281463
-0.1003553197
0.316601187
0.6560165286
-0.5110823512
-0.1656097323
0.01131199487
0.1001500338
-0.0936986506
0.04759176075
-0.5159167647
0.84342134
0.2590648234
-0.2487814873
-0.59284693
0.7052778602
1.424153566
0.6648702025
-0.7825632691
-0.1613717973
1.086663127
0.486386776
0.4645177722
-0.1705906391
-0.8779220581
0.1953353584
0.5190338492
0.1116305739
0.2559452951
1.615785956
0.5734862089
-0.473746866
0.4302937388
0.1328695267
-0.1333875656
0.07274957001
0.5157686472
-0.2103758752
1.175751448
0.577591598
-0.3666239381
0.3497448564
0.1618236899
0.2681313455
-0.9087784886
0.3143313825
0.03833029792
0.8006880879
-0.235442847
-0.4047328234
-0.1357263774
-0.1215563491
0.1810101867
0.09398670495
0.5276394486
-0.4065573215
0.05779295415
-0.3619256616
0.09510249645
0.1965640187
-0.02771544829
0.02260174602
-0.09408484399
0.02114146389
0.03330250829
-0.1369347423
0.1729199588
-0.08109910786
-0.3259499371
-0.1844084859
-0.1840341836
0.1014198959
-0.2650083601
0.04600821435
0.04175377637
0.8118997812
0.4466157854
-0.1778618097
-0.5325009227
0.4805745184
0.1946239769
-0.3106860518
-0.1161103547
-0.05596577376
0.2305245399
0.2243742943
-0.2204361558
0.02836177684
-0.02091760561
0.3343626559
-0.2611587048
-0.8303409815
0.3022432029
0.130123809
-0.5892245173
0.06421007216
-0.338316679
0.4856324196
-0.416341573
-0.1687860638
0.1808860898
0.3769643307
0.2744385302
0.1853355169
-0.115557
0.1764793694
-0.775916934
-0.08262567967
0.3851982653
-0.1525826752
-0.1192399412
-0.3342571557
-0.2141164541
0.5286263824
-0.1964901388
0.018190898
0.01137741655
0.161033392
0.147385478
-0.2676025927
0.09408724308
-1.097174168
0.4726614952
-0.09945192933
-0.1890703738
-0.2562065721
-0.159699142
-0.4225159585
-0.5661369562
0.499545455
-0.204388082
0.09710626304
0.3672564626
0.2513712049
0.4762847722
-0.1897063553
-0.4140639007
0.04374410212
0.01568613574
0.3231173754
-0.3477087021
-0.3013921678
-0.007032781839
-0.2337143123
0.5225262642
-0.2400991172
0.2946125567
0.8573214412
0.02180154994
0.3590428531
0.04685881361
-0.2736802697
-0.03453073651
0.09316569567
0.1960964203
-0.1516418159
-0.04608950019
0.2486403883
-0.7920665741
0.5245751739
-0.4962704182
0.7402508259
-0.4008549452
-0.2543001473
0.209977001
0.2613743544
0.1623687595
-0.1277334988
-0.1489362419
0.1231765673
-0.7762793303
-0.3880080581
0.2392449379
0.1688616574
-0.1303286254
-0.227311343
-0.3455310166
0.502577424
-0.01721809804
-0.3450430632
0.3841251731
0.2511062324
0.006700631231
-0.1427134871
0.2593796253
-0.8880124092
0.2914278507
-0.2708714902
-0.6651818752
-0.4492557645
-0.379660666
-0.2398682088
-0.7271742821
0.2831915319
0.1696026921
-0.1605461687
0.3973309994
0.2803811431
0.1976747364
0.1950686723
-0.6241323352
0.5419042706
0.09850194305
-0.06564284861
0.2031576633
0.1215022057
0.1330230087
-0.2058283687
-0.4696509242
-0.3321153224
0.4976831675
0.1686121523
0.7669904232
0.5382319689
-0.2357538491
-0.4945338964
0.02717280947
-0.1282678396
-0.2665429413
-0.4160004258
0.03449858725
0.1567605585
-0.5800935626
-0.2469214648
-0.3850155473
-0.1038450301
0.02431289665
-0.02120499872
0.4084569216
-0.05452431366
0.2334979475
-0.3607689142
0.2202686965
-0.3899420798
-0.5486658216
0.2969183922
0.7465669513
0.2945876718
0.5267072916
0.3852705657
-0.3185408711
0.5870850086
-0.01342227496
0.288588047
0.395352453
-0.1106525958
-0.6602471471
0.1085424125
0.8933361173
-0.7918219566
0.04109637067
-0.1160162464
-0.2724108398
-0.009682686999
-0.1968290508
0.01469823252
-0.7939565182
0.4782115221
-0.08353425562
0.1013813764
0.210630253
0.1641684324
0.4382731318
0.01326802373
-0.2793780565
0.2678990066
-0.110827446
0.2919778824
0.01677027345
-0.1290857196
-0.135262087
-0.2504257858
0.5271923542
-0.2367205918
0.1556016207
0.3233928084
-0.3595159352
-0.08931840211
0.1221757457
0.3299036324
-0.05457633734
0.2154153436
0.583240509
-0.0340041481
0.3656408191
0.3495863378
-1.085098505
0.1965814084
-0.7484826446
0.1366671622
0.05760274082
-0.01450189948
-0.2142197937
0.9181604385
0.3318215311
0.4760853052
-0.6835323572
-0.9977883101
-0.7481374741
0.199161768
-0.03863659874
-0.01686211675
-0.6412744522
0.1116964817
-0.1420238018
0.236148119
-0.03550204635
-0.08385823667
0.211672008
0.1715154201
-0.05137313902
-0.5841293335
0.2991943955
-1.138721466
0.4061626196
-0.3783670366
-0.5078338981
-0.6172870398
-0.3781915307
-0.2224830538
-0.7637845874
0.3549847007
0.02707118914
-0.03348772973
0.3560595214
0.2740825713
0.314596355
0.01003744081
-0.3481040299
0.4178196192
0.003879662603
0.173082307
0.03371631727
-0.05186193436
-0.007535308599
-0.2737544179
0.3972408473
0.6418767571
0.2991266549
0.6261251569
-0.4247794449
0.1099244282
-0.2686679065
-0.04032888636
0.1216391847
-0.05284415931
0.7574974298
-0.2212100774
0.1212057173
0.1649310887
-1.171678424
0.56816715
-1.021983027
0.5231644511
-0.2356694341
-0.3636261523
-0.1883491576
0.6236155033
0.6929222345
0.1169457808
-0.8691492081
-0.4913841188
-0.5781298876
-0.1530097872
0.1014886051
0.5602653027
-0.2714153826
-0.005750347394
-0.0939149037
0.3034261465
-0.1058808789
-0.3307836354
0.05399154499
0.1581198275
0.08909047395
-0.1778204888
0.4166806042
-1.085867763
0.1054205671
-0.262208581
-0.1332301199
-0.1839012355
-0.3391358852
-0.2440800816
-0.2346597612
0.5169588923
0.5239859223
-0.4144876003
0.0905604586
0.2685722709
0.2001305819
-0.7160476446
-0.2629069686
-0.2061897516
0.1564032733
0.151984334
-0.456076026
-0.1103938073
-0.1094635502
-0.2277652025
0.8331929445
-0.01221239101
0.1850984097
1.021395326
-0.1846962571
0.06203965098
-0.05576844513
0.00411796011
0.1233177856
0.01627728343
0.1166200042
0.009133920074
-0.1037667543
0.1997312605
-0.839232564
0.9712234735
-0.3913154006
0.2334461212
-0.3396631181
-0.3352062106
0.0663908571
0.2104782164
0.2458003461
-0.04772631079
-0.5155482888
-0.03513298556
-0.6362039447
-0.1460953206
0.3197899163
0.3819518685
0.26151824
-0.1408427358
-0.242891565
0.7493498921
0.09369769692
-0.3924979866
0.01484781504
0.03123477288
0.4826238155
-0.1720345169
0.2403776497
-0.4692816734
-0.1645302474
-0.3044477701
-0.5986509323
-0.544220686
-0.4362278283
-0.4610411227
-0.4242491126
0.5055229068
-0.02375636622
-0.03580097854
0.3439781368
0.3701168299
0.4388597906
-0.1350897253
-0.3672579825
0.2561806738
0.003706362098
0.3774801195
-0.3997365534
-0.2523640394
0.0901035741
-0.1863543987
0.472650826
-0.173431024
0.3628280759
0.2454594523
-0.2993738055
-0.2428850085
0.06776051223
0.2548231483
0.05222819746
0.09837483615
0.46995309
-0.03718262166
0.5235096812
0.3128975034
-1.055520773
0.2194745541
-0.7888055444
0.1481244266
-0.1187247261
-0.1889184415
-0.06088284403
0.6326705217
0.315671742
0.2158498168
-0.6678548455
-0.5691435933
-0.6110265255
0.2882216871
0.06447933614
0.2323347628
-0.368819654
0.05938096344
-0.08205519617
0.6237533092
-0.3423196375
-0.2503781319
0.2397801578
0.5543941855
0.3941461444
0.1531048864
-0.002064779401
-0.9297935963
0.3099396229
-0.06392046809
-0.4037525654
-0.5686793327
-0.2836625576
-0.4670383036
-0.05452013761
0.4497757852
0.3983306587
-0.5561672449
0.4313191772
0.1183325052
0.3842208982
-0.4179625511
-0.4138783813
-0.05305568501
0.3359622061
0.2701723278
-0.4751690924
-0.00699772127
0.1851132214
-0.04708020389
-0.6529937983
-0.5215301514
0.5252079964
0.3458291888
0.6614832878
0.745953083
0.04791099206
-0.7377247214
0.07541754842
-0.3188856542
-0.4061113298
-0.4424609244
-0.07909217477
0.08926677704
-0.4228008687
-0.5197591782
-0.4091836512
-0.02471020818
-0.499812454
-0.4182372987
0.0292471908
0.1041832641
0.4443803728
0.00929122977
-0.6329404712
-0.03050809354
-0.5884749889
-0.01538235694
0.1946680695
0.7151409984
0.2641150057
-0.1827518344
-0.7266145945
0.354924202
-0.302538842
-0.3608891368
0.2436129749
-0.05091593042
-0.2527399957
-0.6091732979
0.767557621
-0.9941622019
0.07450756431
-0.1099366099
-0.3064023852
-0.2295945585
-0.3872163892
0.1537903696
-0.5875843167
0.2076870203
0.147217676
-0.406865418
0.5260222554
0.678661406
0.3029158711
-0.4429528713
-0.1715680808
0.5340924263
0.3636949956
0.769091785
-0.9631487727
0.09944815189
0.4264631569
-0.4855713546
0.1065944955
0.4360295534
0.2075536996
0.2276957333
0.1057642102
0.07401491702
-0.4156843126
0.1419142038
-0.1628917605
0.274096489
0.6795182228
-0.1055675894
0.2051415741
0.3287638724
-0.7778711319
0.3622947931
-0.5139858723
-0.1298801601
-0.7039183378
0.01570184715
0.3091884255
0.3611162007
-0.1740897745
0.08348880708
-0.09684211016
-0.2482245564
-0.3222119808
0.632432878
0.456602037
-0.1942621469
0.05424059555
-0.2013144046
-0.1234845817
0.6293267608
-0.9332274199
-0.2611394525
0.04752135277
0.4978845716
0.2155217528
0.1170026585
-0.1887074858
-1.486354351
0.4900709689
-0.1358603239
-0.2670331597
-0.5633487701
-0.3331156373
-0.221187517
-0.3336190581
0.6186316013
0.1706127375
-0.1516645849
0.2432748526
0.03627330437
0.4764528275
-0.4344291389
-0.06797111034
-0.1437181532
0.19535999
0.0641913861
-0.3894059658
-0.1571859717
-0.101760678
-0.05325823277
-0.1930527836
-0.09225529432
0.3460528255
0.2373230308
0.3706757426
0.477567941
-0.2231976092
-0.3514164984
-0.07338967174
0.1026862413
-0.08817208558
-0.5059922338
0.1391077787
0.1166620553
-0.5678889751
-0.00952263549
-0.3912078738
0.4829977155
-0.2903322279
-0.7122501731
0.5447476506
0.434550494
0.5855635405
-0.1338590086
-0.5194065571
0.1071500853
-0.40506652
-0.7585846186
-0.1278956831
0.7094221711
0.3028265536
-0.3842270672
-0.5450916886
0.555547893
-0.212651208
-0.6883527637
0.1187310964
0.09978514165
0.2860316038
-0.3862322569
0.47244519
-0.7476716638
-0.1462346166
-0.2388164997
-0.5134067535
-0.4148465097
-0.4578027427
-0.1756924093
-0.4815764725
0.381056875
0.3008962274
-0.01630234718
0.132802248
0.4769109488
0.1939746141
-0.4942786098
-0.2589577436
-0.1088968068
0.141292721
0.03236395121
-0.2554117739
-0.4177404344
0.01373413205
-0.2455099076
0.2155088633
0.2121199965
-0.0432510078
0.1266757995
0.5539724231
0.2630388737
-0.2289555967
0.01443118695
0.4429737926
-0.3704401255
-0.3331944346
-0.5643547773
0.7825425863
-0.1435210258
-0.6776661277
0.0321149826
-0.7713833451
-0.1422661394
-0.2919557989
0.09206112474
-0.05235920101
0.4040566683
0.1124166772
-0.06800401211
-0.31088835
-0.4861910045
-0.6005887389
0.3196882606
0.431052506
0.2507506311
-0.04638049752
0.3189335465
0.3022435308
0.7038433552
-0.1010210365
-0.6848073602
0.005748246796
0.244837895
0.1781477034
0.3040653467
0.004078909755
-0.4778485894
-0.06255692244
-0.3857395947
-0.1619917601
0.06330067664
-0.4445533454
-0.5044878125
-0.004900302738
0.04323295504
0.3623692095
-0.683831811
0.6930398345
0.07876265794
0.4242758751
-0.1965224445
-0.4240114391
0.0723516345
0.4814222753
0.9009910822
-0.495792836
0.4223089516
0.4547764063
0.1518127024
0.7976416945
-0.6172091365
0.1321060061
0.350797683
-0.4306871295
-0.271494478
0.3030363619
0.1696798205
0.2837990224
0.3413081169
0.5321514606
0.1754689068
0.4582383037
0.1667665541
-1.295932531
-0.1615434736
-0.2895581126
0.01368181221
-0.3577808142
-0.2725954056
0.1492839158
-0.007621533703
0.1399817914
0.008342836052
-0.4654908478
-0.2845975757
-0.5690986514
0.3359890282
0.2575519085
0.3937401474
0.03727970272
0.05437027663
0.1772188246
0.3949585855
0.01997093856
-0.4152199328
0.01275775768
-0.1742013991
-0.3443260789
-0.3660860062
0.3256059289
-1.171403289
0.4475455582
-0.315374583
0.1953595877
0.3241969347
-0.3195507228
-0.04278966784
-0.4919439256
0.3731850684
0.05723144859
-0.1816219687
0.4070191979
0.2092732787
0.4478007257
-0.3751624525
-0.2590021193
0.3374148607
0.2189391553
0.9709870219
-0.5051242709
0.1297063082
-0.03762562573
-0.2926713228
0.328733623
0.2994785905
-0.01605956256
0.1846383363
0.2281513512
0.1342452765
-0.3525383472
0.1613741964
0.48851794
-0.4121853709
-0.4708431363
-0.5006040335
0.5874694586
-0.0603312254
-0.6412268877
0.5161948204
-0.7165820003
0.192291677
-0.4629213214
-0.4521567225
0.2413920909
0.2653627396
-0.1372683197
-0.1647780091
-0.497266233
0.2797394693
-0.5340711474
0.4312183559
-0.2372075319
0.6357012987
-0.1944990903
-0.1475450695
-0.0238407217
0.1174777374
-0.05619124323
-0.4312261045
0.01767731272
0.3606880307
0.07819034159
0.04657937214
-0.0740416944
-1.035194516
0.4026055038
0.07272497565
0.01349869743
-0.02036589384
-0.3528033495
-0.297766
-0.4600813985
0.2789511979
0.2535223663
-0.3626066744
0.2844231129
0.5245550871
0.3108078539
-0.3624584675
-0.2944326997
0.3164667487
0.2032401413
0.2292120904
-0.7515730858
-0.06918782741
0.304510057
-0.1702697724
0.1016231477
0.1603185534
0.01611921191
0.1611320376
0.3259768784
0.2945948243
-0.2382415086
-0.03748707473
0.4603827596
-0.3077266216
-0.3658784628
-0.591455996
0.4965771437
-0.08244290203
-0.6531814337
0.194619
-0.1697487831
0.3531752527
-0.2405724227
-0.4790944755
0.4166379869
0.6459582448
0.430662632
0.196851179
-0.4971206188
0.2629250288
-0.4759715796
-0.5253584385
0.2090353966
-0.04953846335
-0.04025518149
-0.4037537873
-0.02143390849
0.7186983824
-0.3627877533
-0.08620758355
0.1431939155
0.3245022893
-0.05037372559
-0.07134094089
0.419325918
-1.190733194
0.1855949163
-0.387594372
-0.423614502
-0.39953053
-0.1632146388
-0.3931563497
-0.2839966416
0.5708320141
0.3197429478
-0.1312763244
-0.04831187427
0.2938187122
0.2431130856
-0.7287153006
-0.3023111522
-0.372037679
0.04408816993
-0.01067894697
-0.5503963828
-0.2573179901
-0.2173120677
-0.2174400985
-0.1104886234
-0.01833052747
0.2080762684
0.05684956908
-0.1300076097
0.3071659803
-0.1495574117
0.2071053386
-0.1685212255
0.3177933693
0.1064898819
-0.5468562245
0.2357251942
0.2023653537
-0.7625758648
0.3646724224
-0.3379265964
0.02708294243
-0.4026430547
-0.03778132424
0.3103201687
0.5236523151
-0.2840192914
0.07858796418
-0.3334225118
-0.1339818239
-0.4801141024
0.3155747354
0.2940477133
-0.1825350821
-0.1131908596
-0.09766451269
-0.09692007303
0.3595564961
-0.1578706503
-0.1070462912
0.3073244393
0.3337944746
-0.02836769447
-0.1935473084
0.2400981486
-1.215140581
0.4742130339
-0.2361637801
-0.311276257
-0.3942965567
-0.2806242406
-0.3092051446
-0.7550502419
0.2307123542
0.0005288114771
-0.01858389005
0.5001155734
0.3023568988
0.292350322
0.09490329027
-0.5138195753
0.538795054
0.1535645723
0.3550635576
0.07311373949
0.1330216974
0.04720189422
-0.3116859496
0.4188743532
0.2366712242
0.06587719917
0.3559302092
-0.4579510689
0.1528000534
-0.137645632
0.01789166778
0.02094354108
0.1408288777
0.4551280737
-0.2347152382
0.328882277
0.2128202915
-0.6844476461
0.6176421642
-0.5828765631
0.451562047
-0.2919972837
-0.6612849236
0.5167264938
0.4504162371
0.3329844475
-0.2802710235
-0.4681620598
0.2408211678
-0.3806550801
-0.5840303302
-0.1651155204
0.6533632278
0.02694886178
-0.2180620581
-0.2969129384
0.5180858374
-0.1589563787
-0.1880038679
0.5152043104
0.3328526914
-0.27915591
-0.3989444375
0.5908060074
-1.284000993
0.3944333792
-0.4324646294
-0.5830748081
-0.4764685631
-0.2671245933
-0.229410097
-0.1317619383
0.1619731337
0.4648215175
-0.2032440156
0.1666610986
0.3928862214
0.1272191256
-0.5847435594
-0.4080184698
0.006867440417
0.2127630562
0.4108173549
-0.4151836038
-0.1942028999
0.0608856231
0.06653676182
-0.3517739177
-0.4085452557
-0.1100831926
0.2415774018
-0.05504117161
-0.2608210742
-0.2432439774
0.6169341207
-0.144454211
0.1632619798
0.2700321674
-0.3202171326
-0.1728968024
-0.1370429397
-0.1109742224
0.3800357282
0.0516821593
-0.5852589607
0.4459808171
-0.08406452835
-0.09528297186
-0.02841125615
-0.3105260134
-0.456638813
0.02775095403
0.3606384397
0.009986702353
-0.1157808974
0.1888782382
-0.291718334
-0.3723442554
0.1620073915
0.3486242294
0.6370086074
0.3744494617
-0.1464259326
-0.6060521603
0.476696521
0.2773790956
-0.3342131972
0.4842290878
-0.3886631131
-1.039053202
0.6557933092
0.007010251284
-0.3651411533
0.6841619015
0.3097749949
0.2440617979
-0.7649821639
0.1225403696
-0.1660657078
-0.1063073725
0.5480619669
0.1660567373
0.0004027686082
1.039099813
0.2123217583
0.4651382864
0.1105927974
0.0602376163
-0.101791665
-0.4498643577
0.1562056541
0.0959084183
-0.1117231846
-0.2840924561
0.09449402243
0.06689668447
-0.1288246959
0.1098427027
0.4038460851
-0.1102626771
0.6100926995
0.4237248302
0.08329251409
0.1133537963
-0.1345864981
0.1692446768
0.2014055997
0.1859540641
0.02737822756
0.4325995445
0.3060736358
-0.7034388781
0.02045398951
-0.5596791506
-0.3570746481
-0.1586893499
1.110594988
0.1578773409
-0.1680871844
-0.2684630454
-0.1899724454
0.5756501555
-0.04884425551
0.3496186733
0.4639503956
0.4452898502
-0.288870424
-0.3394352198
0.1955691576
0.3207588792
-0.5652167201
0.5152670741
-0.7733038664
-0.429648459
0.2808252871
0.1160578579
-0.1904695332
0.6143593788
0.3286301196
-0.155352369
-0.3264112175
0.1955465972
0.06880843639
-0.3997640014
0.7667605281
0.228417024
0.1090791225
0.2260507941
0.1304928064
0.8653226495
0.3087772727
-0.3274839222
-0.139167726
-0.3195004463
-0.2191926837
0.5778548717
0.2913681269
-0.2285357416
0.01386406086
0.2901164889
-0.3380668759
-0.3567816913
0.5531778932
0.3552437127
0.3604810238
0.1606146097
-0.4173442721
0.1306465566
-0.09034847468
0.0380417034
0.1075754911
0.119535625
-0.09573180228
0.2803881466
-0.2345729917
-0.2545300424
0.01060706098
-0.1280333698
-0.5300776362
-0.2371171415
0.3577313125
0.4760186374
0.006213076878
-0.7400648594
-0.3894758224
0.2233869582
-0.1269873977
0.05297262222
0.6068196297
-0.4584881067
0.01109290868
0.01365754753
0.1058665961
0.2099325657
-0.3388860524
0.1354322284
-0.8288359642
-0.225482747
0.07706363499
0.4326553643
-0.08308933675
0.3834890127
0.2346975803
0.08527904004
-0.2552139759
-0.2005364597
0.785392046
-0.0702393353
0.08879379928
0.1842280328
0.1604661793
0.06977341324
0.2218190879
0.04952208698
0.2366600633
-0.6801894903
-0.3750109375
-0.1747805327
0.09673453867
0.4932700098
0.08921509981
-0.09347747266
-0.266872257
0.01184125803
0.0216011405
-0.04013353586
0.6696859002
-0.09267958999
0.1354229599
0.4184964895
-0.6497508883
-0.08862872422
-0.2977150381
-0.6431930065
0.03050038218
0.2207409441
-0.3780215979
0.6211355329
-0.2329097986
0.1876056939
0.005901986733
-0.5373415351
-0.538223803
0.191843614
0.6379166245
-0.3000007272
-0.132829085
0.4785954058
-0.264285326
-0.4542204142
0.4456889927
0.2696867883
0.1391007304
0.05863901973
-0.3654928505
-0.7524462342
0.08567977697
0.3156674206
-0.2202858031
-0.2909732163
-0.4893641472
-0.448541671
0.1511879563
0.3104929924
-0.1686298251
0.2308158278
0.1275370419
0.2475936562
-0.1049584895
0.2210559845
0.1886176169
-0.09312994778
0.2462212443
-0.07763170451
-0.1104313731
0.1402047724
0.3756462932
-0.2309477329
0.1113900617
-0.5024157166
-0.2944639027
0.07237357646
-0.402592808
-0.5435520411
-0.2944609523
-0.1773837209
0.341794759
0.4843497872
-0.001140186563
0.07426695526
0.2545965612
-0.07881055772
0.2053509057
0.3105014861
-0.04088103399
-0.1923552752
0.2712353766
0.1161027998
0.6312826872
0.1094336137
-0.1262810826
0.2831846774
0.03521315008
-0.4986489117
-0.06669612229
-0.4120252132
-0.4088074565
-0.4200231731
0.9092407823
0.365578264
0.1292905807
-0.727104187
-0.3453035951
0.4065532684
-0.1356129497
0.02048898861
-0.1871866733
-0.3634811938
-0.0418366082
-0.1941502094
0.3233913481
0.8129989505
-0.5947185159
-0.1800080687
-0.2098133415
-0.132002458
0.1638836116
0.0158721786
-0.1794399321
-0.1200003326
0.707497716
0.2235233635
0.2801053524
0.8888335228
0.7196065784
0.4851197302
0.5693497062
0.6028850079
-0.4581942558
0.3847651482
-0.1723356843
0.3374146223
0.6207369566
0.1449740082
0.6358085275
0.8648703694
-0.03548394144
-0.3433771133
-0.2259079069
0.1913903356
0.06647844613
-0.03325362131
-0.4367477298
0.09444320202
0.5491642356
-0.1437149644
-0.01527302712
-0.02668682486
-0.5660583377
0.07887920737
0.09552685171
-0.2893684804
0.2517300844
0.01054816507
0.0002538841218
0.07800775021
-0.126729846
-0.4829799831
0.1363788247
-0.1507581472
-0.5115720034
0.2856719792
0.7893500924
0.008905215189
0.05486889184
-0.3933778107
-0.4241276085
-0.04281382263
0.3099109232
0.1071294695
0.1314650178
-0.08561574668
-0.3785102963
-0.6949142814
0.01641869359
0.3463532925
-0.3095521033
-0.3778646588
-0.5541264415
-0.2016960829
-0.2567779422
0.4894177914
-0.05028602481
0.3390939832
0.4007789493
0.03737637401
0.1594716758
0.5874337554
0.6593245864
0.3878977299
0.5313444138
0.369985342
-0.1712717563
0.4699123502
0.2301008403
0.4858250916
0.3873125315
-0.07355766743
0.01504433714
0.4029145539
-0.002485085279
0.3013108969
0.02097117156
-0.1781673729
-0.2697400153
-0.3600794375
-0.2487653941
0.4680453241
0.08411762863
0.3942203224
0.3526679873
0.3715667725
-0.654505372
-0.1300031245
-0.01295315661
-0.5214169621
0.1465615183
-0.04436380416
-0.3223953545
0.3909672499
-0.02484810725
-0.2183886021
-0.3692747056
-0.1924900711
-0.3818103671
-0.2730883956
0.2192569375
0.3026092052
-0.4274258912
-0.1291725039
-0.7543706298
-0.3424491286
0.3613702953
-0.1237298697
-0.2183685899
0.3018290699
-0.5788790584
-0.1622433066
0.469442606
0.3497534394
-0.8040215969
-0.02990452014
-0.683306098
0.2979629338
0.02007458918
0.2075927407
0.2256237566
0.2588794231
0.6745926738
0.1954470724
-0.3140012324
0.3192664981
0.805811286
0.3020374179
0.3176599145
0.2531900704
-0.03481412306
0.7787853479
0.5772276521
0.2074535191
-0.01555492356
-0.3388423324
-0.441036731
-0.08428791165
0.1491987556
-0.328622371
0.01827093214
-0.1331167817
-0.04398776591
0.3513605297
0.396655947
0.1855624467
0.02281923778
0.2399057895
0.1980844438
0.1707604676
-0.4548649788
-0.07735002786
0.2614891827
0.08996964246
0.5325357914
0.02512802929
-0.1014734656
0.3631665707
-0.3952389061
-0.1916833669
-0.03622755036
-0.05530468374
-0.3562900722
-0.2975647748
-0.08385944366
0.4156133235
0.1009820923
-0.6183001995
-0.4430301189
0.04912727326
-0.10300567
-0.08643139899
0.08051523566
-0.4496050477
-0.2082379311
-0.4142941236
-0.2324466407
0.2158890516
0.04144814238
-0.5543239117
-0.3852233589
-0.1777190864
-0.06918205321
0.7807435989
-0.1912837476
0.3480946124
0.3989762068
0.05120152608
-0.2901128232
-0.06308957934
0.129449144
0.03469908983
0.3573594093
0.04567211494
-0.08398614824
0.5789290071
0.1704345644
0.2191106081
0.3127700984
0.003739900887
-0.2159741819
0.1075862497
-0.104449302
-0.02233818173
0.02296501398
-0.05879865959
-0.1023624316
0.05087208375
-0.1290035695
0.1259732693
0.1452055275
0.2713714838
0.199926123
0.08216468245
-0.6526079774
-0.1448258907
0.04942527786
-0.2900114059
0.2939990759
-0.1845878661
-0.5383206606
0.4846039116
0.2932761312
-0.3237643242
0.1650101542
-0.702819109
-0.5205630064
-0.1634526998
0.3446827531
0.5716038346
-0.1755293161
0.04367138073
-0.8196986914
0.03103981912
0.2175623924
0.0356580317
0.3121528029
-0.7185165882
-0.2627820373
-0.03942726552
0.2835755944
0.4093416631
0.07817869633
0.3651324213
-1.329311132
-0.1703403741
0.007929472253
0.759239018
0.002122153994
0.298165828
-0.04872545972
0.3427297473
-0.5967395306
0.1512157172
-0.2455987185
-0.02909858525
0.5287587643
0.07823973894
0.1822948307
0.5159988403
0.05229530111
0.6376786828
0.2029548436
0.3758787513
-0.1306707412
-0.09286678582
-0.1515947729
0.05694535002
0.02419434115
-0.2576957345
-0.0636613816
-0.05715819448
-0.2928800583
0.2151016295
0.009572495706
0.3951345384
0.6769625545
0.1217130348
-0.6310127974
0.2387720793
0.1851994991
-0.3134570718
0.2208734751
0.004187026992
-0.4756606221
0.3982907236
0.5542297363
-0.6535804868
0.2123987973
-0.6473571658
-0.4780353308
-0.06551793218
0.7056182623
0.5032949448
-0.3349816203
-0.02036677487
-0.8912704587
0.232060343
0.2466952652
-0.07149621844
0.2286911011
-0.6578768492
-0.1555793881
-0.2635433674
0.04310201108
0.2799126506
-0.272554189
-0.2834338844
-0.6201556921
-0.2660483718
-0.04759432748
0.5001199245
-0.03782643378
0.09689968079
0.325807482
0.5262963176
-0.07025258988
0.1928910315
-0.01929561421
0.1388169229
0.5864607096
0.1058588475
-0.2235845327
0.6238418221
0.31591326
0.4022550583
0.2459750175
0.2981187105
-0.5290039778
0.1257223636
-0.3266941011
0.09406319261
0.1567788273
-0.01830766909
0.06432117522
0.5254983902
0.07958153635
-0.5762736201
0.1243485138
0.0241786968
0.2143332809
-0.03151803091
-0.5182343721
-0.246870175
0.006859567948
0.2091607302
0.5595543981
0.0832406953
-0.3967297077
0.434810102
-0.2377050072
-0.1198851913
0.09744121134
-0.3204332888
-0.4701516032
-0.1261799484
0.2689840496
0.1100809202
-0.05288178101
-0.1748422086
-0.4197414517
-0.07009699196
0.1439315081
-0.1737426817
0.1006954089
-0.4534030855
0.0005575696705
0.1840226352
0.2571100891
0.2111027837
-0.7021074891
-0.02498355135
-0.2202327847
-0.2750602365
-0.004537701607
0.3740919232
-0.1362063438
0.1508187652
0.7707175612
0.01978309266
0.137926057
0.3777963519
0.5125197768
0.1748436242
0.4975092709
0.5228726268
-0.4018487036
0.567022562
0.5953668952
0.5024039149
0.1009414345
0.003090416081
-0.6914789677
0.2968709767
-0.1159876585
-0.007731629536
-0.05080286413
-0.1468542963
-0.1048710793
0.01863555983
0.0142117478
0.1739031374
0.4108758867
0.1414141655
0.2883742452
0.271458447
-0.4205032587
-0.01771580428
-0.01156563871
-0.1481625736
0.2622492611
0.1007857174
0.1871493757
0.6610772014
-0.0833819136
-0.2817352712
-0.0414202176
-0.7361004353
-0.44795385
0.1033125296
1.106205225
-0.08993055671
0.05900482833
0.1756884158
0.2138648778
0.2223513573
0.07087977976
-0.1877923608
-0.01797470264
-0.008665129542
-0.1437823623
0.4667151868
0.1662306041
0.368547827
-0.5495595932
0.01015428081
-0.3324451745
-0.2556698322
0.255905211
0.5918307304
-0.05327292532
0.3611212969
1.1945436
0.2155118287
-0.0287653394
-0.2229405344
-0.03938280046
-0.2024752945
0.3059867024
0.07626219094
-0.1590667814
0.2497457564
0.1660063565
0.1623634398
0.5480334759
-0.04658764601
-0.3426385522
0.259945631
-0.2529839575
-0.001594747882
-0.4008643627
-0.4229971766
0.06781885028
-0.00663064234
0.1822616607
-0.1984352022
0.7781626582
-0.2479796112
0.136936143
0.1785125434
-0.4317934215
-0.06721907109
-0.1866726428
-0.319034189
0.345805198
0.06373695284
-0.09801480174
0.04585365951
0.166246444
-0.5022531152
-0.02862822637
-0.08447662741
-0.5098524094
-0.02021990344
1.271120667
0.06289044023
-0.03298145533
-0.5420914292
-0.5069417357
0.03997503966
0.5134276152
0.1399647444
0.2576803565
-0.2755844891
-0.2296978831
-0.6948204041
0.1124082655
0.3850858212
-0.08850268275
-0.2950259447
-0.5913838148
-0.2685549259
-0.1547317803
0.518908143
-0.1035051495
0.3301224113
0.1865474284
0.5751911402
-0.02495749295
-0.2052378207
0.1625010669
1.137529492
0.3345497251
-0.09853008389
-0.4187344909
0.7129874825
0.6938670278
-0.1655357629
0.5384209156
0.285335958
-0.8237478733
-0.1278665513
-0.5515180826
0.772459209
0.1888408065
-0.3073723614
0.1810780168
0.4089452922
-0.4083861113
-0.6071935892
0.7833563685
-0.04761873186
0.2150325328
0.1180894524
0.01669833064
0.5227364898
-0.2045713514
0.2943432629
-0.1088645682
-0.3945096731
-0.8229008317
0.6122395992
-0.6014214158
0.1124948636
0.3358320296
-0.2989175022
-0.6698800921
-0.4750112295
-0.3695971668
0.8437047005
0.1048392355
-0.4396340251
-0.9774151444
0.3885454237
-0.2836636901
0.1240795851
-0.002929344773
-0.1304319054
-0.2082222402
-0.3857164979
-0.123789981
0.4052200317
-0.4154826999
-0.02454806864
-0.4534470439
-0.1521864384
0.1239750087
0.4303889871
-0.4183503389
0.539249897
0.5529056191
0.2585022449
-0.8746451735
0.06735707819
-0.7130600214
-0.2263236791
0.2780187726
-0.09055422992
0.1029692367
0.669565022
0.1673033834
0.2420553565
-0.03345874697
0.2624031007
-0.01912173815
-0.3372557163
0.04452913254
0.4236654341
0.2452344745
-0.3378645182
-0.4316805303
-0.331905216
-0.1583448499
0.523329258
0.01217113808
0.6215369105
0.8054084182
0.003940088674
-0.8806862235
0.5802333951
0.2291903645
-0.3332831264
0.04805753008
0.4526146352
-0.07747045904
0.3673904538
0.1417281628
-0.4121825993
-0.1856548041
-0.09696280956
-0.2070858777
-0.06743965298
0.7206499577
0.2460522205
-0.2393839061
-0.4343173206
-0.5473589301
0.2869155705
0.02032290585
-0.1807424724
0.1929546297
-0.5014889836
-0.1719571501
-0.4547699392
0.08746059239
-0.1420805901
-0.07241981477
-0.3725905716
-0.3750537038
-0.1705099791
-0.1224378198
0.6956539154
0.004516463727
0.01821800321
0.1499253958
0.2726943493
-0.3276926577
-0.06824558973
0.06705568731
0.4395449162
0.1843102574
0.05609810352
-0.2075113207
0.6420856714
0.392231673
-0.143129468
0.3435703516
0.02103523165
-0.3302988112
-0.01407396048
-0.1516919434
-0.4953769445
-0.4028919935
-0.222053349
0.2726047933
0.0170704294
-0.09882446378
0.3052559495
0.283739835
0.1385505795
0.2926982343
0.6017391086
-0.005478337407
-0.1192445084
0.1633033156
-0.04937712848
0.4668860435
-0.2302482128
-0.8276224136
0.6573675871
-0.2841127813
0.01613551006
0.2254024595
-0.6448015571
-0.6360875964
-0.3199857473
0.06270709634
0.6017329693
-0.06535975635
-0.04879390448
-0.9587145448
0.1167102158
-0.02508421242
-0.02076276392
-0.3160095811
0.5516090989
-0.211791873
0.6305377483
0.3984705508
0.8014171124
-0.5793901682
0.3949746192
-0.1057519615
-0.7585937977
0.5072087646
0.687065661
-0.5152122378
0.4649474621
1.578954458
0.04947000742
0.04254788533
-0.287301302
0.4992029667
0.2879392207
-0.02288237214
0.1355848908
-0.01650007814
0.4159007072
-0.03546445072
-0.1123043597
0.7747247815
-0.04571969807
-0.02023177594
0.677282691
0.2304716855
