0.4507843852043152
0.05829337611794472
-0.06484604626893997
-0.6238579750061035
0.36733686923980713
0.36968404054641724
0.19422109425067902
0.4436083436012268
0.008561010472476482
-0.47969990968704224
-0.41795673966407776
-0.18567372858524323
-0.1036842092871666
0.7492907643318176
-0.9401829838752747
0.14589416980743408
0.4693881571292877
-0.07444241642951965
0.5826780796051025
-0.11760994791984558
0.1520661562681198
-0.2675325274467468
-0.45272424817085266
0.10077544301748276
-0.2147933691740036
0.38912713527679443
-0.12219415605068207
0.6070699691772461
-0.36028242111206055
-0.17040976881980896
0.21358397603034973
0.03376210480928421
-0.5682940483093262
-0.0165261123329401
-0.24127627909183502
-0.19677799940109253
-0.06408190727233887
0.13716064393520355
0.08320847898721695
-0.32968565821647644
-0.4363427460193634
0.4217188060283661
-0.07639161497354507
0.31898948550224304
-0.6629456877708435
-0.17085017263889313
0.05296735465526581
0.7762174010276794
-0.07667785882949829
0.09966810792684555
0.05928774178028107
0.2897017300128937
-0.10177555680274963
-0.266542911529541
-0.016560334712266922
0.17187438905239105
-0.059136394411325455
-0.09546584635972977
0.28296148777008057
-0.05320229008793831
0.3154548406600952
-0.39523443579673767
0.014545991085469723
0.24284175038337708
0.16266147792339325
0.1797250509262085
0.00354205840267241
-0.3800298273563385
0.3066926896572113
0.29149970412254333
-0.17999890446662903
0.5273687839508057
-0.05393633991479874
-0.6131432056427002
-0.21312472224235535
-0.03765739127993584
-0.1559600830078125
0.6934390068054199
-0.8229973912239075
-0.1770615130662918
0.3459910452365875
0.11483512073755264
0.44608137011528015
0.10101701319217682
-0.12750597298145294
-0.3536493480205536
-0.3777814507484436
0.4518272578716278
0.14489570260047913
-0.10390988737344742
-0.03631877899169922
0.6218756437301636
-0.2355823963880539
-0.14617912471294403
-0.3015810251235962
0.022370358929038048
-0.21754619479179382
-0.13128884136676788
-0.20574913918972015
-0.02763015404343605
0.010646270588040352
0.49157652258872986
0.14051005244255066
0.1692444235086441
0.03919117525219917
0.0009401498246006668
-0.22680503129959106
0.2679038345813751
-0.1292969137430191
-0.08810068666934967
-0.5203865170478821
-0.013666181825101376
0.06522658467292786
-0.052830103784799576
-0.24100404977798462
0.3433696925640106
-0.26496216654777527
-0.3743307590484619
-0.11088413000106812
0.056300874799489975
0.01747163198888302
0.09033440798521042
0.4826427698135376
0.1500236988067627
0.20902670919895172
-0.2265871912240982
0.1129988506436348
0.1874932497739792
0.15795746445655823
-0.11615724116563797
0.06983984261751175
-0.1577337235212326
0.1107572466135025
0.49723824858665466
-0.07296488434076309
0.061468977481126785
-0.05238371714949608
-0.4975164234638214
-0.4322279691696167
-0.29744505882263184
-0.17767652869224548
0.9738999009132385
-0.6313057541847229
0.3157713711261749
0.43788769841194153
-0.18591278791427612
0.5602350234985352
0.15874168276786804
-0.036611635237932205
-0.4485108554363251
-0.36925995349884033
0.3656264543533325
0.15302030742168427
0.1889043003320694
-0.0052881306037306786
0.4311429262161255
-0.5885179042816162
0.15456029772758484
-0.25374913215637207
-0.20566311478614807
-0.201588436961174
-0.014853461645543575
-0.2996894419193268
0.19223718345165253
0.028979184105992317
0.014841304160654545
-0.2439640611410141
-0.1568809449672699
0.4953621029853821
0.0001942249364219606
-0.5818505883216858
0.5446684956550598
0.09059759974479675
-0.07981245219707489
-0.26583608984947205
-0.045322153717279434
-0.006459802854806185
-0.566540002822876
-0.5836142897605896
0.3313644826412201
0.26722395420074463
-0.015791140496730804
-0.2421582043170929
1.1464309692382812
0.30105701088905334
0.4672478139400482
0.9188024997711182
0.43732380867004395
0.22270168364048004
-0.6899374127388
-0.008133932948112488
0.12023476511240005
0.02695625275373459
0.28354111313819885
0.2899726331233978
-0.19601988792419434
0.3164149224758148
0.2717345058917999
-0.44724902510643005
0.15509800612926483
-0.03454013541340828
-0.25730377435684204
-0.5053521990776062
0.04274793341755867
-0.23484346270561218
0.5549079179763794
-0.392805814743042
-0.1083812341094017
0.6890289187431335
-0.4336492121219635
0.5094777345657349
-0.031208157539367676
0.19193129241466522
-0.6280080080032349
-0.4758729934692383
0.11345168948173523
0.09634135663509369
-0.11280056834220886
0.42084306478500366
0.1458563357591629
-0.18423694372177124
0.25616395473480225
0.21984659135341644
-0.13184262812137604
-0.4065936207771301
-0.08575861901044846
0.2706395983695984
-0.2156253606081009
-0.026485759764909744
0.2815835177898407
0.23843130469322205
-0.323868066072464
-0.47508305311203003
0.6460694670677185
0.12123777717351913
0.38723769783973694
-0.6515025496482849
0.08951818943023682
-0.02305731177330017
0.6391027569770813
0.050300128757953644
0.014128806069493294
-0.06095842272043228
0.34800985455513
-0.11323107033967972
-0.31753453612327576
-0.05983170494437218
-0.05068465322256088
-0.10065685957670212
-0.12265369296073914
0.38966795802116394
0.04456496238708496
0.13266608119010925
-0.371504545211792
0.24621590971946716
0.17702317237854004
-0.2738344967365265
0.017374778166413307
0.09758741408586502
0.5011277198791504
0.060788996517658234
0.1335408091545105
-0.8587269186973572
0.2905022203922272
-0.05189797654747963
-0.656916618347168
-0.2626504600048065
0.2114521563053131
-0.36610549688339233
0.7439313530921936
-0.4617639482021332
-0.3379859924316406
0.5627005696296692
-0.19473128020763397
0.3442138731479645
-0.30521994829177856
0.16816473007202148
-0.1426553577184677
-0.7404398322105408
0.09078861027956009
-0.38288813829421997
0.24407553672790527
0.16630326211452484
0.4197646677494049
-0.2612960934638977
-0.11053470522165298
0.5157381892204285
-0.006184250582009554
-0.21686401963233948
0.04139852151274681
0.19983357191085815
0.20941439270973206
-0.13131192326545715
0.21742352843284607
0.042391128838062286
-0.23327596485614777
0.3203892707824707
0.3212062120437622
-0.16307976841926575
0.5729966163635254
-0.16326601803302765
-0.09177085757255554
-0.4077938199043274
-0.08144930750131607
-0.15903089940547943
-0.3247741162776947
0.2179626077413559
0.2953100800514221
-0.2837791442871094
-0.29120415449142456
-0.016908548772335052
-0.11877965182065964
-0.11433377116918564
-0.08768028020858765
0.08363344520330429
0.14818371832370758
0.47896501421928406
0.2175246775150299
0.024305002763867378
-0.13954143226146698
-0.09417477995157242
-0.029842214658856392
0.31793347001075745
-0.04847004637122154
0.15144608914852142
0.18549275398254395
0.06712894886732101
0.28177887201309204
-0.153354212641716
-0.535830557346344
-0.3323429822921753
-0.41191813349723816
-0.0966564416885376
0.7825693488121033
-0.5424033403396606
-0.08068233728408813
0.6719754934310913
-0.3019760549068451
0.216715008020401
0.6540918350219727
0.3890075981616974
-0.1488797813653946
-0.7250173091888428
0.080841563642025
-0.015189288184046745
0.572749674320221
0.11912406980991364
-0.09664467722177505
0.032706912606954575
-0.13793182373046875
-0.2106313854455948
-0.23852971196174622
-0.3687562048435211
0.0151286656036973
0.28818410634994507
0.18779799342155457
0.11377061903476715
0.1473688781261444
-0.1735629290342331
-0.201498880982399
0.30663567781448364
0.195647731423378
0.019875215366482735
0.5884151458740234
-0.3119821548461914
-0.35612359642982483
-0.509408175945282
0.05295439809560776
0.07022346556186676
-0.07177753001451492
-0.18442021310329437
0.2942042350769043
0.007678448688238859
-0.24889300763607025
-0.1802707314491272
0.07436329871416092
0.0038976038340479136
-0.0023433933965861797
0.5011823773384094
0.08264600485563278
0.00785304419696331
-0.4847179651260376
0.25509020686149597
-0.020606575533747673
0.371802419424057
-0.4057384431362152
0.38866254687309265
-0.4680435061454773
0.2687896490097046
0.35548505187034607
-0.017553051933646202
-0.056562818586826324
-0.3753506541252136
-0.37864866852760315
-0.15735264122486115
-0.06445875763893127
0.4303306043148041
0.6534025073051453
-0.6982671022415161
0.39060071110725403
0.5714650750160217
-0.38563114404678345
0.6244754791259766
0.15505804121494293
0.3607997000217438
-0.21916629374027252
-0.4046561121940613
0.2482665628194809
0.21787874400615692
-0.3716925084590912
0.2072269320487976
0.5141963958740234
-0.6192968487739563
0.04436638578772545
-0.14609216153621674
0.061899833381175995
-0.5598613619804382
0.11006072163581848
-0.025284219533205032
0.2939470708370209
-0.038160402327775955
-0.14006975293159485
-0.21149875223636627
0.10400701314210892
0.4451081156730652
0.16262677311897278
-0.059852685779333115
0.4064152240753174
-0.4405232071876526
-0.19629980623722076
-0.5337077975273132
0.08287469297647476
0.10621285438537598
0.032285161316394806
0.1970990151166916
0.4395968019962311
0.036528706550598145
-0.36322179436683655
-0.07137597352266312
0.6742836236953735
-0.09347487986087799
0.6675841212272644
0.6048200726509094
0.14615724980831146
0.10472624748945236
-0.5109857320785522
0.3243415951728821
0.3877456784248352
-0.03512877970933914
0.13946744799613953
0.34042176604270935
-0.024406952783465385
0.08978217840194702
0.31501883268356323
-0.1254919022321701
0.061368029564619064
-0.29083648324012756
-0.4246874749660492
-0.31520891189575195
-0.2106427103281021
-0.04332828149199486
0.710530698299408
-0.4607951045036316
0.09559056162834167
0.78180992603302
-0.4322073459625244
0.44301971793174744
-0.04159819334745407
0.2176770716905594
-0.6617401838302612
-0.7829851508140564
-0.1483728140592575
0.023908497765660286
0.1593940258026123
0.32845020294189453
0.03124883398413658
-0.10208849608898163
0.17878426611423492
0.5094963908195496
-0.17267151176929474
-0.0895732119679451
-0.018742382526397705
0.7391457557678223
1.0510622262954712
0.15192221105098724
0.5344215631484985
-0.6769099235534668
-0.8145948052406311
0.6211743354797363
0.35623571276664734
-0.8263928890228271
1.5380667448043823
0.991917610168457
-0.7609308362007141
-1.0468531847000122
-1.6129297018051147
-0.12176966667175293
-0.43659332394599915
0.011394981294870377
0.3547630310058594
-0.5568804144859314
-0.40419894456863403
-0.31917068362236023
-0.21734115481376648
-0.2197728306055069
-0.16328765451908112
0.0705387070775032
0.13250696659088135
0.44443413615226746
0.2778613567352295
0.10361948609352112
0.07692485302686691
-0.3008022606372833
0.1923629492521286
0.24259993433952332
-0.7251477241516113
0.5400654673576355
0.6797794699668884
0.5068779587745667
0.19649533927440643
-0.45039287209510803
-0.2933468818664551
-0.3682370185852051
-1.0316686630249023
0.5610303282737732
1.9908820390701294
-0.8669635057449341
0.1727849245071411
0.874428391456604
-0.418362557888031
0.3537593185901642
0.16190104186534882
0.42897889018058777
-0.33096766471862793
-0.5285378694534302
0.12886537611484528
0.18047523498535156
-0.133459210395813
0.3733350336551666
0.031111108139157295
-0.16530409455299377
0.06020486727356911
0.0566418319940567
-0.2894211709499359
-0.4012979567050934
0.2852923572063446
0.07047734409570694
0.04385793209075928
-0.03644970804452896
-0.20617613196372986
-0.1193247139453888
0.22980938851833344
0.34050893783569336
0.1973094642162323
-0.11071440577507019
0.07894932478666306
-0.29663950204849243
-0.12528876960277557
-0.636343240737915
0.35921066999435425
-0.15662521123886108
-0.01811991259455681
0.15263782441616058
0.44359347224235535
-0.03714561089873314
-0.44067132472991943
0.07171771675348282
0.2716253101825714
-0.0679611787199974
0.18274851143360138
0.18098051846027374
0.04681462049484253
0.08703908324241638
-0.6480605006217957
0.245334655046463
0.1457718312740326
-0.09606707096099854
0.004095675423741341
0.3961687982082367
-0.1375771164894104
0.09887578338384628
0.20336446166038513
-0.047475121915340424
0.31682664155960083
-0.31505998969078064
-0.4748128056526184
-0.16050595045089722
-0.034915175288915634
0.29280540347099304
0.6225936412811279
-0.44357937574386597
-0.24925071001052856
0.721042275428772
0.16744163632392883
0.27000752091407776
0.3286532163619995
0.3017841875553131
-0.2697261571884155
-0.25109121203422546
0.3027782142162323
0.11782494187355042
0.4848749041557312
-0.21372345089912415
0.5586320161819458
-0.4557337462902069
-0.3571205735206604
-0.5732247233390808
-0.33886486291885376
-0.2667997181415558
0.07912415266036987
-0.22866839170455933
0.020560430362820625
-0.07204442471265793
-0.02594517171382904
-0.0918908342719078
-0.033616263419389725
0.20085734128952026
0.18687398731708527
-0.37308165431022644
0.32530316710472107
-0.21537524461746216
-0.11196823418140411
-0.2738843858242035
0.3871699273586273
-0.050728488713502884
-0.16855032742023468
0.1766350120306015
0.2895713150501251
-0.38153207302093506
-0.5357912182807922
-0.3479499816894531
0.11920277029275894
-0.3126456141471863
0.08386228233575821
0.04636216536164284
0.04066524654626846
0.28510794043540955
-0.11519067734479904
0.3010111451148987
0.24084779620170593
0.5903317928314209
-0.31537067890167236
-0.10834264010190964
-0.3486841320991516
0.26026031374931335
0.34526434540748596
-0.17374296486377716
0.03333032876253128
-0.01746486686170101
-0.6087074279785156
-0.28268569707870483
-0.006625345908105373
-0.19375953078269958
0.6094081401824951
-0.886557936668396
0.6741133332252502
0.7295555472373962
-0.5912870764732361
0.21685823798179626
0.17355859279632568
0.3499716520309448
-0.39084187150001526
-0.3220990300178528
0.10319162905216217
0.2631366550922394
-0.6675825119018555
-0.06061970070004463
-0.1223134994506836
-0.25989967584609985
0.17029866576194763
-0.11834105104207993
0.06424158066511154
-0.34929555654525757
0.02344934642314911
0.025773311033844948
-0.1643640398979187
0.08694182336330414
0.15633901953697205
-0.03373367711901665
0.2038639485836029
0.1763319969177246
0.09173432737588882
-0.01676512509584427
0.18205657601356506
-0.47677913308143616
-0.3576059937477112
-0.6086337566375732
0.39231744408607483
-0.09582440555095673
0.044654253870248795
0.21254244446754456
0.11354643106460571
-0.12930479645729065
-0.2660827934741974
0.36674290895462036
-0.28938037157058716
-0.22765964269638062
0.019194457679986954
0.049344874918460846
-0.14531318843364716
0.26272982358932495
0.055432241410017014
0.29446664452552795
-0.09649147093296051
-0.005697498098015785
0.25279197096824646
0.42971542477607727
0.28101545572280884
0.08685873448848724
0.3042551875114441
-0.18466004729270935
0.024789215996861458
-0.3704146444797516
-0.49799853563308716
-0.22426830232143402
-0.05121766775846481
-0.297249436378479
0.7211516499519348
-0.29036062955856323
0.08379120379686356
0.7998921871185303
-0.09592302143573761
0.3936704099178314
0.463216632604599
0.38061434030532837
-0.3083561062812805
-0.40697747468948364
0.13798809051513672
0.15244385600090027
0.5682783126831055
-0.11293897032737732
0.32028964161872864
0.016876811161637306
-0.4410861134529114
-0.4071495831012726
-0.2670080065727234
-0.5214254260063171
0.10749374330043793
0.4204663336277008
-0.1575060486793518
-0.02536027692258358
0.1692528873682022
0.2549281716346741
-0.42881011962890625
-0.35361447930336
0.6575203537940979
0.31083944439888
0.23682281374931335
-0.6032469272613525
0.17572015523910522
0.033464837819337845
0.6454983353614807
0.11917175352573395
0.05716181546449661
0.130425825715065
0.2722090184688568
-0.25320911407470703
-0.40935128927230835
-0.21043898165225983
-0.4456208050251007
-0.3561312258243561
-0.17777492105960846
0.3014541566371918
-0.08400963991880417
-0.12444350868463516
-0.255245178937912
0.4832763075828552
0.017088163644075394
-0.16719640791416168
0.1730157881975174
0.3084745705127716
-0.3894946873188019
0.24207262694835663
0.5353245139122009
0.29662731289863586
0.12318858504295349
-0.2782019376754761
-0.36737269163131714
-0.40600016713142395
-0.7493723630905151
0.2030499279499054
1.3130440711975098
-0.519315779209137
0.15942876040935516
0.44297972321510315
0.16227154433727264
0.5752732753753662
0.23432399332523346
0.07408522069454193
-0.5701084136962891
-0.43580082058906555
0.4008883237838745
0.3062884509563446
0.630605936050415
-0.2077002376317978
0.8207764029502869
-0.05076194182038307
-0.220393568277359
-0.5660709738731384
-0.177308589220047
-0.35063987970352173
0.13469353318214417
0.08291850239038467
0.39951568841934204
0.03187520056962967
0.03607721999287605
-0.3533809185028076
-0.07554799318313599
0.34734460711479187
0.13557349145412445
-0.463667094707489
0.5913836359977722
0.07803831994533539
-0.4116198718547821
-0.7777559161186218
-0.3276034891605377
0.09259762614965439
0.1996590495109558
0.3725872039794922
0.15851743519306183
-0.6102657318115234
-0.7450323700904846
-0.09860502928495407
0.004940432496368885
-0.7903504967689514
0.25317636132240295
0.15441758930683136
-0.3587217330932617
0.13779214024543762
0.2676870822906494
0.21592269837856293
0.6675321459770203
0.5460602641105652
0.09043353796005249
-0.10688706487417221
-0.6991010308265686
0.39425402879714966
0.5325576663017273
0.018454167991876602
0.629061758518219
0.08400293439626694
-0.4059545695781708
-0.4919673204421997
-0.13590627908706665
-0.2253263294696808
0.6323380470275879
-0.90125972032547
-0.06255681067705154
0.8118330240249634
-0.30503004789352417
0.17129063606262207
0.4118116497993469
0.444489061832428
-0.7510448098182678
-0.8809781074523926
-0.07852674275636673
-0.04212584346532822
0.031997401267290115
0.35867035388946533
-0.01731918565928936
-0.20360033214092255
0.3207334578037262
0.3021720051765442
-0.4333183169364929
-0.22693686187267303
-0.12171097844839096
-0.32045578956604004
-0.271269291639328
0.04779687151312828
0.4496251344680786
0.12593801319599152
0.09989531338214874
-0.0010661915875971317
0.18963077664375305
-0.061579085886478424
0.12208767235279083
-0.3160584568977356
-0.15732280910015106
-0.35061073303222656
0.3822996914386749
-0.02608465403318405
0.29678210616111755
0.3553815186023712
0.13811123371124268
-0.15243056416511536
-0.47553133964538574
0.34858500957489014
-0.23790840804576874
-0.44302043318748474
-0.196060448884964
0.0330246165394783
-0.23723401129245758
0.20185597240924835
0.25352224707603455
-0.03513070195913315
0.17899613082408905
0.5825120806694031
-0.4514504075050354
-0.08814281970262527
-0.38812151551246643
0.22317199409008026
0.201751708984375
-0.16622571647167206
0.12372728437185287
-0.13629719614982605
-0.6732184290885925
-0.10361457616090775
0.049355167895555496
-0.07237012684345245
0.5056840181350708
-0.870572566986084
0.6812789440155029
0.7573409080505371
-0.04069368541240692
0.25775986909866333
0.5074042677879333
0.5305646061897278
-0.3756512701511383
-0.3445030450820923
0.1759912669658661
0.09565383940935135
-0.12773047387599945
-0.10185979306697845
0.22748436033725739
-0.519868791103363
0.14147068560123444
-0.16681095957756042
-0.12907564640045166
-0.6571797728538513
0.1176447719335556
0.4611007869243622
0.4262792766094208
-0.20683856308460236
0.2261863499879837
-0.13182319700717926
-0.22420625388622284
-0.2759147882461548
0.282817542552948
-0.1730286031961441
0.16250121593475342
-0.21682758629322052
0.07832315564155579
-0.07171998918056488
-0.12887735664844513
0.3036705255508423
0.685515820980072
0.5324318408966064
0.39436519145965576
-0.05473101884126663
-0.0595056526362896
0.2110685259103775
-0.15073177218437195
0.01977597177028656
-0.1916993409395218
0.24544590711593628
0.07754671573638916
0.3371273875236511
-0.22441111505031586
-0.09407120943069458
0.0811438113451004
-0.19128577411174774
-0.06433632969856262
0.21014872193336487
0.03258109837770462
-0.044556114822626114
0.5205379724502563
0.09328772872686386
0.24581091105937958
-0.12156769633293152
-0.44843432307243347
-0.45364663004875183
-0.5207239389419556
-0.10658097267150879
0.9811614751815796
-0.28387245535850525
-0.01839396357536316
0.7218545079231262
-0.01022261567413807
0.1698395162820816
0.2060868740081787
0.23688891530036926
-0.5174012184143066
-0.6759119629859924
-0.25101152062416077
0.5959425568580627
0.2533799409866333
-0.1093805581331253
-0.5561143159866333
-0.3092128336429596
0.4412524998188019
0.12250852584838867
0.2777026295661926
-0.6255282759666443
0.06847203522920609
0.28439849615097046
0.6301290988922119
-0.052931126207113266
-0.012866614386439323
-0.28608888387680054
0.09421063214540482
0.5990810990333557
-0.09317309409379959
0.20747414231300354
0.6839384436607361
-0.38414180278778076
-0.3211432099342346
-0.6951777935028076
-0.23138193786144257
0.3869367837905884
0.49353742599487305
-0.18252089619636536
0.048697780817747116
-0.25983691215515137
-0.334946870803833
-0.21640661358833313
-0.8698621392250061
-0.17035119235515594
-0.36103495955467224
0.5273521542549133
-0.12851424515247345
-0.3292776644229889
-0.24427181482315063
0.37284520268440247
-0.23258385062217712
0.3025940954685211
0.2619280219078064
-0.20471124351024628
0.4415246248245239
-0.3504977226257324
0.1525411754846573
0.14190421998500824
0.28084099292755127
0.2931334376335144
0.0935465469956398
0.0018863274017348886
-0.06000397726893425
0.41166022419929504
0.22803713381290436
-0.1678907722234726
-0.33791789412498474
-0.9178276658058167
0.3809678554534912
-0.03435228765010834
-0.22634944319725037
0.20552553236484528
-0.16211070120334625
-0.23388564586639404
-0.2699147164821625
-0.21528050303459167
0.6035857200622559
0.04794960469007492
0.5271071791648865
0.20938540995121002
-0.6086912155151367
-0.01491064578294754
-0.009857667610049248
-0.30462148785591125
-0.5907609462738037
0.007723928429186344
0.0269135981798172
0.04097360000014305
0.5875752568244934
0.051684215664863586
-0.39429521560668945
-0.0015576279256492853
-0.6062554121017456
-0.094683937728405
-0.02353380061686039
-0.3099691569805145
0.3926558494567871
-0.537183403968811
-0.047731056809425354
0.16093961894512177
-0.05910811200737953
0.2137545347213745
0.06829186528921127
-0.17513936758041382
0.12472335994243622
0.4227053225040436
0.1367056965827942
-0.005888425745069981
0.16924461722373962
-0.05183353275060654
0.38217803835868835
0.23615151643753052
-0.00907149538397789
0.13576023280620575
0.05209103971719742
0.5520260334014893
-0.25988462567329407
0.2742193639278412
-0.04139327257871628
0.19765233993530273
0.5517981052398682
-0.15994054079055786
0.6828270554542542
-0.2825832664966583
-0.11406517773866653
0.3567236363887787
-0.13697466254234314
0.3658294379711151
0.2872748076915741
-0.33814600110054016
-0.4365887939929962
-0.25178834795951843
0.18678046762943268
-0.07981613278388977
-0.0989166870713234
-0.17904120683670044
-0.4424510896205902
0.5520351529121399
0.3183372914791107
-0.024767925962805748
0.6347000598907471
-0.14855575561523438
0.32561394572257996
-0.777718186378479
0.1672593057155609
-0.21245257556438446
0.14773163199424744
-0.43662014603614807
-0.2863464057445526
-0.07225722074508667
0.16291435062885284
0.20211918652057648
0.20663224160671234
0.46231895685195923
-0.2188488245010376
-0.04218928888440132
-0.37961432337760925
-0.13958129286766052
-0.06029865890741348
-0.28772711753845215
0.4235626459121704
-0.20405302941799164
-0.07196290791034698
0.04785095900297165
-0.44506511092185974
0.26370060443878174
-0.026503603905439377
-0.388332337141037
0.0018897783011198044
-0.1579422801733017
-0.3122307360172272
-0.026584113016724586
-0.017340799793601036
-0.234361469745636
0.666284441947937
0.5671688914299011
-0.283475786447525
-0.5164729952812195
-0.14430615305900574
0.18974129855632782
-0.11839736253023148
-0.039785608649253845
0.036176539957523346
0.3270328640937805
0.5974932909011841
0.01657518744468689
0.19119229912757874
-0.03272908180952072
-0.1516401767730713
-0.018685653805732727
0.0027347817085683346
0.5320953726768494
-0.0036811598110944033
-0.10745660960674286
-0.14121535420417786
-0.1173952966928482
-0.19916073977947235
-0.5217111706733704
-0.13029463589191437
0.7011557817459106
-0.35107940435409546
0.2511764466762543
0.17758774757385254
-0.42041316628456116
0.22544512152671814
-0.21817216277122498
0.37371131777763367
0.07851442694664001
0.12490197271108627
0.2818085849285126
0.3484950661659241
0.021528121083974838
-0.19917327165603638
-0.04588776081800461
0.17927861213684082
0.05007351189851761
0.374367356300354
0.426237553358078
-0.33874210715293884
0.14061427116394043
-0.6475268006324768
-0.7328815460205078
-0.0556250661611557
-0.32692113518714905
0.7205223441123962
-0.24047522246837616
0.16047169268131256
0.005704530980437994
0.07351137697696686
0.41381585597991943
-0.015755804255604744
-0.152508944272995
-0.2169390469789505
0.2577541768550873
0.36938902735710144
-0.01897001452744007
0.08652610331773758
0.020338542759418488
0.6548643708229065
0.17173540592193604
-0.2693553566932678
-0.25507283210754395
0.5740465521812439
0.5615946650505066
0.12716388702392578
-0.26196956634521484
0.22988829016685486
0.4457266628742218
-0.11373654007911682
0.13966381549835205
-0.16220101714134216
-0.4055529236793518
-0.45206189155578613
-0.26185333728790283
-0.5979601144790649
0.33131593465805054
0.050637759268283844
-0.16140998899936676
-0.735417902469635
-0.41839879751205444
-0.2623760402202606
0.24779903888702393
-0.681553840637207
0.4136509299278259
-0.4566584825515747
0.9273194074630737
0.5011840462684631
0.3268034756183624
0.5365360975265503
0.08208462595939636
-0.33538421988487244
-0.32317426800727844
0.09118527173995972
0.04461365565657616
0.3274848163127899
0.05277290940284729
-0.645849347114563
-0.05944759026169777
-0.7453828454017639
0.43700093030929565
0.01948331668972969
-0.0658792033791542
-0.4923146367073059
-0.46218544244766235
0.06896756589412689
0.5096247792243958
-0.25647401809692383
0.0025044362992048264
0.04515392333269119
0.07081703841686249
-0.06744802743196487
0.3466621935367584
-0.04110844060778618
0.3201487064361572
0.03265177458524704
0.10638699680566788
0.5901960730552673
0.11652514338493347
-0.4648171067237854
-0.003084138734266162
0.30823391675949097
-0.1716342717409134
0.2887002229690552
0.23656146228313446
0.3054768145084381
-0.33761370182037354
-0.3299625515937805
0.45203855633735657
-0.369626522064209
0.4634746015071869
-0.028811994940042496
0.37624046206474304
0.6083390116691589
-0.03713162988424301
0.6400580406188965
-0.45437055826187134
-0.10222699493169785
0.24619212746620178
-0.16061288118362427
0.5207131505012512
0.2144547700881958
-0.42471399903297424
-0.6259069442749023
-0.5867573618888855
0.07345603406429291
-0.3452010452747345
-0.5305956602096558
0.1551780253648758
-0.2502119839191437
0.11677860468626022
-0.01103333942592144
-0.27740445733070374
0.4691067337989807
0.23748746514320374
0.41529580950737
-0.22757335007190704
-0.22825779020786285
-0.0009950665989890695
0.26545581221580505
-0.12877681851387024
-0.16212978959083557
-0.16735541820526123
0.2827136516571045
0.14833681285381317
0.10876958817243576
0.5429332256317139
-0.48712632060050964
0.26463213562965393
-0.3211805522441864
-0.12451370060443878
-0.044356755912303925
-0.015149373561143875
0.2370753437280655
-0.34981298446655273
-0.0607912614941597
-0.10466113686561584
-0.19241343438625336
0.1456022411584854
0.01463631633669138
-0.3836127519607544
-0.25452542304992676
0.04603643715381622
-0.44101470708847046
-0.12049999833106995
0.33392441272735596
0.13802754878997803
0.4093024432659149
0.7308027744293213
-0.24673636257648468
0.03507052734494209
-0.1606445610523224
0.3740808665752411
0.25833502411842346
0.08928840607404709
0.1648070216178894
-0.04853938892483711
0.12647591531276703
0.129578098654747
0.1575002521276474
-0.33713793754577637
0.250104695558548
0.08357814699411392
-0.026622271165251732
0.4163319170475006
-0.0671258196234703
-0.47344228625297546
-0.46104896068573
-0.5908117294311523
0.019824955612421036
-0.36768269538879395
-0.1559634953737259
0.0461370013654232
-0.4878535270690918
0.16585329174995422
0.16675814986228943
0.11513310670852661
0.31929370760917664
0.011011602357029915
0.2024262696504593
-0.24270939826965332
0.20142865180969238
0.3047820031642914
0.3191351592540741
-0.31403014063835144
-0.44613608717918396
-0.424400269985199
0.3579450845718384
0.03979618474841118
0.024076659232378006
0.32843777537345886
-0.4568382799625397
0.4598785936832428
-0.4436281621456146
0.31828802824020386
0.7218974828720093
-0.23832328617572784
-0.011178591288626194
0.021585451439023018
-0.26196855306625366
-0.05969047173857689
-0.7424308657646179
0.6702277064323425
-0.3443327248096466
-0.3114818036556244
-0.12383377552032471
-0.5816794633865356
-0.6521407961845398
-0.342404305934906
-0.6278228759765625
-0.06854300945997238
0.9734511375427246
0.9159387350082397
-1.057113528251648
-0.4589664936065674
0.003946267534047365
-0.49172306060791016
0.3174566328525543
-0.8503758311271667
0.27384617924690247
-0.15270155668258667
0.5584562420845032
0.3447354733943939
0.2806224524974823
0.9608849883079529
-0.4612966775894165
-0.8021663427352905
-0.12257330119609833
0.6497145891189575
0.41158339381217957
0.6005226969718933
0.18951819837093353
0.18491442501544952
0.36242109537124634
0.33651167154312134
0.8748297095298767
-0.3978496789932251
-0.49481192231178284
1.1986795663833618
0.4048817455768585
0.17880746722221375
-0.3364115059375763
-0.10991320013999939
0.6204664707183838
-0.5001158118247986
0.9853959679603577
-0.2578091621398926
0.19744440913200378
0.27389392256736755
-0.1791585385799408
1.4016801118850708
-0.07636123150587082
-1.1433322429656982
0.569835901260376
1.11410653591156
-0.04274244233965874
0.6907654404640198
-1.0792973041534424
-1.6438395977020264
-0.12975430488586426
-0.6301597356796265
1.062620759010315
0.3477479815483093
0.24436338245868683
0.2732090353965759
-0.17171946167945862
-0.02117287367582321
0.12264979630708694
-0.07546360790729523
0.13050450384616852
-0.16740472614765167
-0.38436809182167053
0.17352209985256195
0.35959187150001526
-0.21255196630954742
0.3766397535800934
0.48370373249053955
0.35203105211257935
-0.7186667919158936
-0.27472904324531555
0.6126952767372131
0.15625663101673126
-0.037066731601953506
0.3013496398925781
0.15180999040603638
0.07799861580133438
0.13645760715007782
0.4960859417915344
-0.32481467723846436
0.13694578409194946
0.20656947791576385
-0.2256823182106018
0.4163748025894165
0.39063745737075806
-0.3066810369491577
-0.5551478266716003
-0.5577956438064575
-0.3084382712841034
-0.20847159624099731
-0.584658682346344
0.12044977396726608
-0.19303548336029053
0.7042495608329773
-0.0038157787639647722
0.21779455244541168
0.6738414764404297
-0.16671067476272583
0.20575836300849915
-0.35553187131881714
-0.31333398818969727
-0.03985017165541649
0.00609762966632843
-0.09302139282226562
-0.2450595647096634
-0.27944937348365784
0.08034171909093857
0.262977659702301
0.3007115423679352
0.4014233946800232
-0.3129173517227173
-0.048010408878326416
-0.18418040871620178
0.09942995011806488
0.03104301542043686
-0.032002825289964676
0.04846112057566643
-0.3125939965248108
-0.05333992838859558
0.32189658284187317
0.1451217383146286
0.10581791400909424
-0.20563790202140808
-0.5154474377632141
0.2780580222606659
0.31130513548851013
-0.41793760657310486
0.2979421615600586
0.019999152049422264
-0.2908723056316376
0.5914416313171387
0.6230353116989136
-0.06820295006036758
0.016600770875811577
-0.1277039796113968
-0.07521994411945343
0.10192044824361801
-0.28127458691596985
0.014208532869815826
0.11954174935817719
0.6766137480735779
0.3232130706310272
0.3023853003978729
0.3668738007545471
-0.5329533815383911
-0.11711040884256363
0.021269237622618675
0.862549901008606
0.06094004213809967
0.34946438670158386
-0.06252335757017136
-0.2679227590560913
-0.14598460495471954
-0.05995658412575722
-0.14299851655960083
0.38756248354911804
0.0015445379540324211
0.5825861692428589
0.18478302657604218
-0.13794684410095215
0.4934256076812744
-0.2677077353000641
0.3042442798614502
-0.3557787537574768
-0.268622487783432
-0.1233954131603241
0.41950613260269165
-0.3025661110877991
-0.0845308005809784
-0.4674276113510132
-0.09325885027647018
0.3700026273727417
0.6257410645484924
0.5214980840682983
-0.18668967485427856
0.07154212146997452
0.08395927399396896
0.07670141011476517
0.3599863350391388
-0.3580355644226074
-0.04352281242609024
-0.24116133153438568
0.2005259394645691
0.16533365845680237
-0.22251270711421967
0.34122177958488464
-0.17997311055660248
-0.018264058977365494
0.021543728187680244
0.07107427716255188
-0.4131612479686737
0.028928374871611595
-0.008441469632089138
-0.14950071275234222
0.5597710609436035
0.3961677849292755
-0.43548640608787537
-0.11329315602779388
-0.014155753888189793
0.3232312798500061
0.06817149370908737
-0.2975505292415619
0.17685429751873016
0.18372613191604614
0.31142330169677734
0.19885706901550293
0.331849068403244
0.05664898455142975
0.1306157261133194
-0.12329782545566559
0.06321711093187332
0.3327427804470062
0.5350937247276306
0.012134373188018799
-0.0956232100725174
0.20221634209156036
-0.2527947723865509
0.10029946267604828
-0.46605485677719116
0.8139414191246033
-0.3726305365562439
0.8035571575164795
0.04342997819185257
0.15330976247787476
0.2451692670583725
-0.3349941372871399
0.1367219239473343
0.08008278161287308
0.018113331869244576
0.46232423186302185
-0.08578206598758698
-0.841973066329956
-0.536152720451355
-0.167758509516716
-0.1667383313179016
0.11396098881959915
1.1420767307281494
0.3427841365337372
0.09059202671051025
-0.4433143734931946
-0.3099815845489502
0.19684910774230957
0.28159192204475403
-0.4490165710449219
-0.0869344025850296
-1.0412981510162354
0.16019926965236664
0.3602837324142456
-0.025905031710863113
0.14491941034793854
0.02626067027449608
-0.30450356006622314
-0.045096416026353836
0.2919341027736664
-0.29812562465667725
-0.006288301665335894
-0.022123266011476517
-0.33198779821395874
0.4381522834300995
0.49142301082611084
-0.4520607888698578
-0.00781687255948782
0.06336875259876251
0.4861009120941162
0.0074377055279910564
-0.31744515895843506
0.37380048632621765
-0.2647230327129364
0.05789507180452347
0.3239809572696686
0.09428425878286362
0.15462812781333923
-0.10461641103029251
-0.03335784003138542
0.04135897755622864
0.37543922662734985
0.3468286693096161
-0.3075166642665863
-0.4166713058948517
-0.6183232069015503
-0.014953173696994781
-0.5723259449005127
-0.02134625054895878
0.19789084792137146
-0.494596928358078
-0.20109818875789642
0.1477089673280716
-0.27617141604423523
0.41066426038742065
-0.08881867676973343
0.34070104360580444
0.014808041974902153
0.05187112092971802
0.31978949904441833
0.2841634452342987
0.10666916519403458
-0.1863228678703308
-0.4856277406215668
0.039962392300367355
0.2484167069196701
0.35408541560173035
0.015513184480369091
-0.5254518389701843
-0.14471451938152313
-0.2887082099914551
-0.19138094782829285
-0.09865928441286087
0.08769820630550385
0.6667135953903198
-0.4386281371116638
-0.06612857431173325
0.15732641518115997
-0.04102018475532532
0.3828738033771515
0.03048935905098915
-0.5042953491210938
0.6288936138153076
0.31208381056785583
-0.6249552965164185
0.12619145214557648
0.32269710302352905
0.026627192273736
0.6783525943756104
0.44144871830940247
0.3384797275066376
0.4363611042499542
-0.26190081238746643
0.3723251521587372
0.1973646730184555
0.00471937470138073
0.08605343103408813
-0.018665781244635582
0.10006168484687805
0.06555067747831345
0.11630534380674362
-0.04118141904473305
0.05891244858503342
0.12422716617584229
-0.20207756757736206
0.6448899507522583
0.056387174874544144
-0.3741728961467743
-0.5594630837440491
0.5343143939971924
0.14619185030460358
-0.4435718357563019
0.131984680891037
0.752094566822052
-0.1299809217453003
0.9688025712966919
0.6219189167022705
-0.6591687202453613
0.6601309776306152
0.09640172123908997
0.3015584349632263
-1.3087681531906128
0.21527782082557678
0.28805261850357056
1.048570990562439
-0.19322220981121063
-0.14658981561660767
-0.03957450017333031
0.4743039309978485
-0.14580762386322021
-0.1363849937915802
0.33389031887054443
-0.9650996923446655
0.8177899718284607
-0.7393392324447632
-0.1985630989074707
0.3358733654022217
-0.2942498028278351
0.7114799618721008
0.15188978612422943
-0.21724708378314972
0.4298724830150604
0.11551813781261444
0.008157599717378616
0.08799008280038834
-0.4146133363246918
0.499858558177948
0.24254336953163147
-0.4466429650783539
0.07020621746778488
0.3452583849430084
-0.2664512097835541
0.4929424226284027
0.49224385619163513
0.43060365319252014
-0.18567682802677155
-0.17048382759094238
0.06112716346979141
0.0390484482049942
-0.015737727284431458
0.09755254536867142
-0.199520081281662
0.43135303258895874
0.30562475323677063
0.32452425360679626
0.39110782742500305
-0.06382400542497635
-0.08665565401315689
-0.020935699343681335
0.7788188457489014
0.19853466749191284
-0.09703951328992844
-0.4588530361652374
0.007445638533681631
0.06763305515050888
0.13691237568855286
-0.012423472478985786
0.39225709438323975
-0.403543621301651
0.8062968254089355
0.454664945602417
-0.22646959125995636
0.6655027270317078
-0.2000831812620163
0.07915481925010681
-0.5665567517280579
0.043065596371889114
-0.06597649306058884
0.29192396998405457
-0.11387220025062561
-0.7180876731872559
0.2973238527774811
-0.6178930401802063
0.19216467440128326
-0.055401988327503204
0.048649538308382034
-0.5560116171836853
-0.6440905928611755
-0.22337281703948975
0.43785640597343445
-0.2256406545639038
0.10754445940256119
0.17115981876850128
-0.06458927690982819
-0.20377929508686066
0.02904640883207321
-0.06948530673980713
0.10596860200166702
0.1286655217409134
-0.4085019528865814
0.06179022416472435
-0.29534274339675903
-0.2668653130531311
0.12750744819641113
0.2459172159433365
-0.05574329197406769
0.6967284083366394
0.6356483697891235
0.05241795629262924
-0.2888333797454834
0.006304917857050896
0.4422970712184906
-0.11009328812360764
0.3486058712005615
0.5416157245635986
0.3254391551017761
-0.18304619193077087
0.02243657410144806
0.6584471464157104
-0.4373019337654114
-0.1678169220685959
-0.2444993257522583
-0.6708875894546509
0.24636059999465942
0.056946370750665665
-0.541408360004425
-0.9026085734367371
-0.384162038564682
0.09255140274763107
-0.6044391989707947
-0.255892276763916
-0.08392448723316193
-0.5441164970397949
0.001281568082049489
0.3158465325832367
-0.19990147650241852
0.20033827424049377
0.6111451387405396
0.24742363393306732
-0.09568581730127335
-0.12148592621088028
0.34688395261764526
0.288577139377594
0.366809219121933
-0.2620185315608978
1.3701262474060059
0.04901143163442612
-1.0957207679748535
0.5096770524978638
0.9400233626365662
-0.18694788217544556
0.7388412952423096
-1.2303321361541748
-1.6875499486923218
-0.34707027673721313
-0.5189106464385986
1.2094913721084595
0.23589551448822021
0.1421014666557312
0.36209791898727417
-0.1414961814880371
0.32785096764564514
0.1517440527677536
0.11080846190452576
0.21315449476242065
0.42115187644958496
-0.07255999743938446
0.013202468864619732
-0.024576177820563316
-0.27053922414779663
0.2120572179555893
0.29958948493003845
-0.20092345774173737
0.031626760959625244
-0.2055235058069229
0.20913781225681305
0.027240348979830742
0.3813251256942749
0.4136684536933899
-0.0344625785946846
0.10590046644210815
0.33758801221847534
0.4879298210144043
-0.4803079068660736
0.3019507825374603
-0.1368703544139862
-0.06985989212989807
0.37653011083602905
-0.0004675777454394847
-0.5280693769454956
-0.639606237411499
-0.33355996012687683
-0.4915207624435425
-0.48862624168395996
-0.2539197504520416
0.1509435772895813
-0.500258207321167
0.06929638981819153
0.2517055571079254
-0.3027724325656891
0.4056532680988312
-0.14122548699378967
0.2216414511203766
-0.029250020161271095
0.06660869717597961
0.34632623195648193
0.32831403613090515
-0.034174274653196335
-0.4450133740901947
0.07950745522975922
-0.08127447962760925
0.1704799085855484
0.13329240679740906
0.29934290051460266
-0.2992389500141144
-0.3436962366104126
-0.19001267850399017
0.1191226914525032
0.08468002080917358
-0.2197372019290924
0.12120578438043594
-0.09765057265758514
-0.15565721690654755
0.4365280866622925
-0.10035526752471924
0.31660109758377075
0.6560164093971252
-0.5110822319984436
-0.1656096875667572
0.011311930604279041
0.10015001147985458
-0.09369854629039764
0.047591790556907654
-0.515916645526886
0.8434212803840637
0.2590648829936981
-0.2487814724445343
-0.5928468108177185
0.7052777409553528
1.4241536855697632
0.6648702025413513
-0.782563328742981
-0.16137182712554932
1.0866631269454956
0.48638680577278137
0.4645176827907562
-0.17059065401554108
-0.8779218792915344
0.19533534348011017
0.5190338492393494
0.11163055151700974
0.25594523549079895
1.6157859563827515
0.5734862089157104
-0.4737468361854553
0.43029382824897766
0.13286954164505005
-0.13338761031627655
0.07274957746267319
0.515768826007843
-0.21037591993808746
1.1757514476776123
0.5775916576385498
-0.36662399768829346
0.3497447669506073
0.16182377934455872
0.2681313455104828
-0.9087785482406616
0.3143313527107239
0.0383303202688694
0.8006882071495056
-0.2354428470134735
-0.4047328233718872
-0.13572637736797333
-0.12155629694461823
0.1810102015733719
0.09398669004440308
0.5276393890380859
-0.40655726194381714
0.057792890816926956
-0.3619256615638733
0.0951024740934372
0.1965639293193817
-0.027715465053915977
0.022601766511797905
-0.09408485889434814
0.021141482517123222
0.033302512019872665
-0.13693462312221527
0.17291994392871857
-0.08109907805919647
-0.32594993710517883
-0.18440848588943481
-0.18403413891792297
0.10141992568969727
-0.2650083601474762
0.04600823298096657
0.04175383225083351
0.811899721622467
0.4466157853603363
-0.177861750125885
-0.5325008034706116
0.48057445883750916
0.19462397694587708
-0.3106861114501953
-0.11611033231019974
-0.055965766310691833
0.23052459955215454
0.22437432408332825
-0.22043617069721222
0.028361795470118523
-0.020917631685733795
0.3343627154827118
-0.2611587345600128
-0.830341100692749
0.3022432029247284
0.13012376427650452
-0.5892245769500732
0.06421004235744476
-0.33831676840782166
0.4856325685977936
-0.416341632604599
-0.16878606379032135
0.18088610470294952
0.37696436047554016
0.2744385898113251
0.18533556163311005
-0.11555697023868561
0.17647939920425415
-0.7759167551994324
-0.08262570202350616
0.38519835472106934
-0.15258273482322693
-0.11923997849225998
-0.33425724506378174
-0.2141164392232895
0.5286263823509216
-0.19649018347263336
0.01819094829261303
0.011377399787306786
0.16103337705135345
0.14738549292087555
-0.2676025927066803
0.09408722072839737
-1.097174048423767
0.472661554813385
-0.09945189952850342
-0.18907037377357483
-0.25620657205581665
-0.15969915688037872
-0.42251595854759216
-0.5661368370056152
0.4995453953742981
-0.2043881118297577
0.09710630774497986
0.3672565221786499
0.25137120485305786
0.4762847423553467
-0.18970635533332825
-0.4140639305114746
0.04374412074685097
0.015686141327023506
0.3231174051761627
-0.34770867228507996
-0.30139219760894775
-0.007032758556306362
-0.23371431231498718
0.5225263833999634
-0.24009914696216583
0.2946125864982605
0.8573215007781982
0.021801527589559555
0.3590428829193115
0.04685889184474945
-0.27368029952049255
-0.03453075513243675
0.09316574037075043
0.1960965096950531
-0.1516418159008026
-0.04608951136469841
0.24864037334918976
-0.7920666933059692
0.5245752334594727
-0.4962703287601471
0.740250825881958
-0.4008549153804779
-0.25430017709732056
0.20997697114944458
0.261374294757843
0.16236872971057892
-0.127733513712883
-0.14893624186515808
0.12317658215761185
-0.7762792110443115
-0.3880079686641693
0.23924492299556732
0.16886168718338013
-0.13032862544059753
-0.22731132805347443
-0.34553101658821106
0.5025774836540222
-0.017218058928847313
-0.3450431525707245
0.3841252028942108
0.25110626220703125
0.006700578145682812
-0.1427135020494461
0.25937962532043457
-0.8880124092102051
0.2914279103279114
-0.27087152004241943
-0.6651819348335266
-0.4492557942867279
-0.3796607255935669
-0.2398681938648224
-0.7271742224693298
0.2831914722919464
0.1696026623249054
-0.16054615378379822
0.39733096957206726
0.28038114309310913
0.1976747363805771
0.1950686126947403
-0.6241322755813599
0.5419042706489563
0.09850192070007324
-0.0656428262591362
0.20315754413604736
0.12150219827890396
0.1330229938030243
-0.20582832396030426
-0.46965089440345764
-0.33211538195610046
0.4976832866668701
0.16861213743686676
0.7669905424118042
0.5382319092750549
-0.2357538640499115
-0.4945339262485504
0.027172835543751717
-0.12826785445213318
-0.266542911529541
-0.41600045561790466
0.034498680382966995
0.1567605584859848
-0.5800936818122864
-0.24692149460315704
-0.3850155174732208
-0.1038450375199318
0.024312879890203476
-0.021205009892582893
0.408456951379776
-0.05452430993318558
0.2334979921579361
-0.3607689440250397
0.22026866674423218
-0.38994207978248596
-0.5486658811569214
0.29691842198371887
0.7465670108795166
0.29458773136138916
0.5267074108123779
0.3852705955505371
-0.31854090094566345
0.5870848894119263
-0.013422299176454544
0.2885879576206207
0.39535242319107056
-0.11065254360437393
-0.6602471470832825
0.10854237526655197
0.8933361172676086
-0.7918221354484558
0.04109637439250946
-0.11601628363132477
-0.27241095900535583
-0.00968270655721426
-0.19682911038398743
0.01469822134822607
-0.7939565181732178
0.4782114624977112
-0.08353425562381744
0.10138135403394699
0.21063029766082764
0.16416843235492706
0.43827319145202637
0.013268105685710907
-0.27937811613082886
0.2678990662097931
-0.11082741618156433
0.29197797179222107
0.016770344227552414
-0.12908564507961273
-0.13526202738285065
-0.250425785779953
0.5271923542022705
-0.23672059178352356
0.1556016355752945
0.323392778635025
-0.359515905380249
-0.0893184021115303
0.12217573821544647
0.32990360260009766
-0.0545763224363327
0.2154153734445572
0.5832404494285583
-0.03400415554642677
0.3656408190727234
0.3495863676071167
-1.0850986242294312
0.1965814083814621
-0.7484827637672424
0.13666725158691406
0.057602718472480774
-0.014501944184303284
-0.21421977877616882
0.9181603193283081
0.3318215608596802
0.4760853052139282
-0.6835324168205261
-0.9977882504463196
-0.7481375932693481
0.1991618424654007
-0.038636621087789536
-0.016862090677022934
-0.6412743926048279
0.11169647425413132
-0.14202380180358887
0.23614805936813354
-0.03550201281905174
-0.08385831117630005
0.2116721123456955
0.17151539027690887
-0.051373180001974106
-0.584129273891449
0.29919442534446716
-1.1387214660644531
0.40616267919540405
-0.37836703658103943
-0.5078338980674744
-0.6172870397567749
-0.3781915009021759
-0.22248297929763794
-0.7637845277786255
0.35498467087745667
0.0270711537450552
-0.033487703651189804
0.35605955123901367
0.2740825414657593
0.3145963251590729
0.01003758143633604
-0.34810400009155273
0.417819619178772
0.0038796330336481333
0.17308229207992554
0.03371642157435417
-0.05186193808913231
-0.0075353169813752174
-0.27375444769859314
0.3972407877445221
0.6418766379356384
0.29912665486335754
0.6261250972747803
-0.42477935552597046
0.10992447286844254
-0.2686678469181061
-0.04032885283231735
0.12163913249969482
-0.05284421890974045
0.757497251033783
-0.22121010720729828
0.12120569497346878
0.16493107378482819
-1.1716781854629517
0.5681670308113098
-1.0219831466674805
0.5231643915176392
-0.2356693148612976
-0.3636261522769928
-0.1883491724729538
0.6236157417297363
0.6929221153259277
0.11694584786891937
-0.8691493272781372
-0.4913843274116516
-0.5781299471855164
-0.15300969779491425
0.10148848593235016
0.560265302658081
-0.2714155614376068
-0.005750302225351334
-0.09391485899686813
0.30342626571655273
-0.10588086396455765
-0.3307837247848511
0.05399158596992493
0.1581198275089264
0.08909045904874802
-0.17782044410705566
0.4166806638240814
-1.085868000984192
0.10542058944702148
-0.26220864057540894
-0.13323011994361877
-0.18390126526355743
-0.33913591504096985
-0.24408012628555298
-0.234659805893898
0.5169588923454285
0.5239859223365784
-0.41448771953582764
0.09056049585342407
0.26857227087020874
0.20013059675693512
-0.7160475254058838
-0.2629069983959198
-0.20618976652622223
0.1564033180475235
0.1519843339920044
-0.4560760259628296
-0.11039377003908157
-0.10946352779865265
-0.22776521742343903
0.8331928253173828
-0.01221238262951374
0.1850983202457428
1.021395206451416
-0.1846962869167328
0.06203966587781906
-0.05576842650771141
0.004118015523999929
0.12331780791282654
0.016277164220809937
0.11661989241838455
0.009133859537541866
-0.10376670956611633
0.19973121583461761
-0.8392325639724731
0.9712234139442444
-0.3913153111934662
0.2334461212158203
-0.3396631181240082
-0.33520621061325073
0.06639088690280914
0.21047818660736084
0.24580037593841553
-0.047726307064294815
-0.5155482888221741
-0.035132963210344315
-0.6362038254737854
-0.14609527587890625
0.3197898864746094
0.3819519281387329
0.2615182101726532
-0.1408427357673645
-0.24289155006408691
0.74934983253479
0.0936976969242096
-0.3924980163574219
0.014847805723547935
0.03123476542532444
0.48262378573417664
-0.17203448712825775
0.24037763476371765
-0.4692816734313965
-0.16453029215335846
-0.3044477701187134
-0.5986508727073669
-0.5442206859588623
-0.43622785806655884
-0.4610411524772644
-0.4242490231990814
0.5055229067802429
-0.023756343871355057
-0.03580097109079361
0.3439781367778778
0.37011680006980896
0.4388597011566162
-0.13508976995944977
-0.3672579824924469
0.25618061423301697
0.0037064196076244116
0.3774801194667816
-0.399736613035202
-0.25236397981643677
0.09010361135005951
-0.186354398727417
0.47265079617500305
-0.17343106865882874
0.3628281056880951
0.24545946717262268
-0.2993738055229187
-0.24288500845432281
0.06776051968336105
0.25482314825057983
0.05222821608185768
0.09837480634450912
0.46995311975479126
-0.03718264773488045
0.523509681224823
0.31289753317832947
-1.05552077293396
0.21947459876537323
-0.7888054251670837
0.14812441170215607
-0.1187247559428215
-0.18891841173171997
-0.060882795602083206
0.6326704621315002
0.3156716227531433
0.21584975719451904
-0.6678547263145447
-0.5691434741020203
-0.6110264658927917
0.28822168707847595
0.06447933614253998
0.23233474791049957
-0.36881962418556213
0.059380900114774704
-0.0820552185177803
0.6237532496452332
-0.3423196077346802
-0.2503780424594879
0.23978020250797272
0.5543941855430603
0.3941461443901062
0.15310485661029816
-0.0020647866185754538
-0.9297935366630554
0.30993956327438354
-0.06392043828964233
-0.40375253558158875
-0.5686792731285095
-0.2836625874042511
-0.46703827381134033
-0.05452015995979309
0.449775755405426
0.3983306586742401
-0.5561671257019043
0.43131911754608154
0.11833253502845764
0.3842208981513977
-0.41796255111694336
-0.4138783812522888
-0.05305567756295204
0.3359622657299042
0.2701722979545593
-0.4751690626144409
-0.006997758522629738
0.18511319160461426
-0.04708024114370346
-0.6529937386512756
-0.5215302109718323
0.5252079367637634
0.34582918882369995
0.6614834666252136
0.7459531426429749
0.047911010682582855
-0.7377246618270874
0.07541756331920624
-0.3188856542110443
-0.40611135959625244
-0.44246092438697815
-0.07909217476844788
0.08926676213741302
-0.42280077934265137
-0.5197592973709106
-0.40918368101119995
-0.02471025101840496
-0.499812513589859
-0.4182372987270355
0.029247231781482697
0.10418333858251572
0.44438037276268005
0.009291199035942554
-0.6329405903816223
-0.030508046969771385
-0.5884750485420227
-0.015382458455860615
0.19466812908649445
0.7151408791542053
0.26411500573158264
-0.1827518492937088
-0.7266146540641785
0.3549242317676544
-0.30253881216049194
-0.36088910698890686
0.24361294507980347
-0.05091596022248268
-0.25273993611335754
-0.6091732978820801
0.7675576210021973
-0.9941620826721191
0.07450748980045319
-0.10993660986423492
-0.30640241503715515
-0.22959460318088531
-0.3872164189815521
0.15379033982753754
-0.5875841975212097
0.20768700540065765
0.14721766114234924
-0.4068653881549835
0.5260223150253296
0.6786614060401917
0.30291593074798584
-0.4429529309272766
-0.17156808078289032
0.5340924859046936
0.3636949956417084
0.769091784954071
-0.9631487727165222
0.09944812953472137
0.4264633357524872
-0.4855714440345764
0.10659456253051758
0.4360295832157135
0.2075536996126175
0.22769567370414734
0.10576425492763519
0.07401489466428757
-0.41568437218666077
0.14191417396068573
-0.16289177536964417
0.27409660816192627
0.6795181632041931
-0.10556761175394058
0.20514161884784698
0.3287639021873474
-0.7778710126876831
0.3622948229312897
-0.513985812664032
-0.12988032400608063
-0.7039183378219604
0.015701938420534134
0.3091884255409241
0.3611162006855011
-0.17408984899520874
0.08348879218101501
-0.09684211760759354
-0.24822455644607544
-0.32221195101737976
0.6324328184127808
0.4566020965576172
-0.19426214694976807
0.05424058437347412
-0.20131433010101318
-0.12348458915948868
0.6293267607688904
-0.9332274198532104
-0.2611394226551056
0.04752137139439583
0.49788451194763184
0.21552176773548126
0.11700256913900375
-0.18870748579502106
-1.4863542318344116
0.4900709390640259
-0.13586033880710602
-0.2670332193374634
-0.5633487701416016
-0.3331156373023987
-0.2211875319480896
-0.3336191177368164
0.6186316013336182
0.1706126630306244
-0.1516645848751068
0.24327485263347626
0.0362732857465744
0.47645285725593567
-0.43442925810813904
-0.0679711252450943
-0.1437181532382965
0.1953599900007248
0.06419134885072708
-0.3894060552120209
-0.15718604624271393
-0.10176069289445877
-0.05325816944241524
-0.19305284321308136
-0.09225525707006454
0.3460528254508972
0.2373230755329132
0.3706757426261902
0.47756797075271606
-0.22319765388965607
-0.35141658782958984
-0.07338965684175491
0.10268624871969223
-0.0881720706820488
-0.5059922933578491
0.13910771906375885
0.11666207015514374
-0.5678889751434326
-0.00952263455837965
-0.3912079632282257
0.48299771547317505
-0.29033225774765015
-0.7122501730918884
0.5447477698326111
0.43455055356025696
0.5855634808540344
-0.13385900855064392
-0.5194066166877747
0.10715008527040482
-0.4050665497779846
-0.7585846781730652
-0.12789560854434967
0.70942223072052
0.30282658338546753
-0.38422709703445435
-0.5450915694236755
0.5555477738380432
-0.21265116333961487
-0.6883525252342224
0.11873108148574829
0.09978508204221725
0.2860316038131714
-0.3862322270870209
0.4724451005458832
-0.7476714849472046
-0.14623460173606873
-0.23881641030311584
-0.5134065747261047
-0.4148464500904083
-0.4578027129173279
-0.1756923496723175
-0.48157650232315063
0.3810569643974304
0.3008962869644165
-0.01630232110619545
0.13280224800109863
0.4769110083580017
0.19397462904453278
-0.4942786991596222
-0.25895774364471436
-0.10889687389135361
0.1412927508354187
0.03236391395330429
-0.2554117441177368
-0.4177405834197998
0.013734111562371254
-0.24550995230674744
0.21550896763801575
0.2121199369430542
-0.04325097054243088
0.12667584419250488
0.5539723634719849
0.2630387842655182
-0.22895556688308716
0.014431198127567768
0.4429738223552704
-0.3704400658607483
-0.3331943154335022
-0.564354658126831
0.7825424671173096
-0.14352096617221832
-0.677666187286377
0.03211501985788345
-0.7713833451271057
-0.1422661691904068
-0.29195576906204224
0.0920611247420311
-0.0523592047393322
0.4040566086769104
0.11241665482521057
-0.06800401955842972
-0.3108883500099182
-0.4861910045146942
-0.6005886197090149
0.31968826055526733
0.4310525357723236
0.2507506012916565
-0.04638054594397545
0.3189336359500885
0.3022434711456299
0.7038434743881226
-0.10102115571498871
-0.684807538986206
0.005748238414525986
0.24483804404735565
0.1781478375196457
0.30406537652015686
0.004078852944076061
-0.477848619222641
-0.06255695968866348
-0.38573959469795227
-0.1619918793439865
0.06330065429210663
-0.4445534348487854
-0.5044880509376526
-0.004900310654193163
0.043232955038547516
0.36236920952796936
-0.6838317513465881
0.6930398344993591
0.07876268774271011
0.4242759048938751
-0.19652245938777924
-0.4240114688873291
0.07235164195299149
0.4814222455024719
0.9009911417961121
-0.49579280614852905
0.4223089814186096
0.45477643609046936
0.15181267261505127
0.7976417541503906
-0.6172090768814087
0.1321060061454773
0.3507975935935974
-0.43068718910217285
-0.2714945375919342
0.3030363917350769
0.16967979073524475
0.28379908204078674
0.3413080871105194
0.532151460647583
0.17546889185905457
0.458238422870636
0.16676652431488037
-1.2959330081939697
-0.16154339909553528
-0.28955820202827454
0.013681859709322453
-0.3577807545661926
-0.2725954055786133
0.14928394556045532
-0.007621526252478361
0.13998176157474518
0.008342832326889038
-0.4654909670352936
-0.28459760546684265
-0.5690986514091492
0.3359890580177307
0.25755196809768677
0.39374005794525146
0.03727973625063896
0.05437026917934418
0.1772187501192093
0.3949585556983948
0.01997092366218567
-0.4152200222015381
0.012757793068885803
-0.1742013543844223
-0.34432610869407654
-0.36608606576919556
0.32560595870018005
-1.171403169631958
0.4475455582141876
-0.31537455320358276
0.19535957276821136
0.3241969347000122
-0.3195507228374481
-0.042789630591869354
-0.4919438660144806
0.3731849789619446
0.057231415063142776
-0.18162192404270172
0.40701910853385925
0.20927318930625916
0.4478006362915039
-0.3751623332500458
-0.2590019404888153
0.3374147117137909
0.2189391404390335
0.9709868431091309
-0.5051241517066956
0.1297062486410141
-0.03762570396065712
-0.2926712930202484
0.3287336230278015
0.2994786202907562
-0.01605956442654133
0.18463830649852753
0.2281513810157776
0.13424530625343323
-0.35253825783729553
0.16137415170669556
0.4885178804397583
-0.4121853709220886
-0.4708430767059326
-0.5006040334701538
0.5874694585800171
-0.060331232845783234
-0.6412267088890076
0.5161948204040527
-0.7165820002555847
0.1922917366027832
-0.4629213213920593
-0.45215678215026855
0.2413921058177948
0.2653627395629883
-0.1372683048248291
-0.16477802395820618
-0.4972662627696991
0.2797394096851349
-0.5340710878372192
0.43121838569641113
-0.2372075766324997
0.6357013583183289
-0.19449912011623383
-0.14754506945610046
-0.02384078875184059
0.11747772246599197
-0.05619126930832863
-0.4312261939048767
0.017677271738648415
0.3606880009174347
0.07819036394357681
0.046579256653785706
-0.0740416869521141
-1.0351946353912354
0.40260550379753113
0.07272499054670334
0.013498644344508648
-0.020365938544273376
-0.3528033196926117
-0.2977660000324249
-0.4600813686847687
0.27895113825798035
0.2535223662853241
-0.36260658502578735
0.28442302346229553
0.5245550274848938
0.31080788373947144
-0.3624584674835205
-0.2944326102733612
0.31646671891212463
0.20324014127254486
0.22921204566955566
-0.7515729665756226
-0.06918780505657196
0.3045099377632141
-0.17026972770690918
0.10162315517663956
0.1603185385465622
0.016119176521897316
0.16113203763961792
0.3259769678115845
0.2945948839187622
-0.23824144899845123
-0.03748712316155434
0.4603828191757202
-0.3077266216278076
-0.3658784329891205
-0.5914560556411743
0.4965772032737732
-0.08244296908378601
-0.6531814336776733
0.19461895525455475
-0.16974875330924988
0.3531753718852997
-0.24057240784168243
-0.4790942966938019
0.41663801670074463
0.6459580659866333
0.4306626617908478
0.1968512386083603
-0.49712058901786804
0.2629251182079315
-0.475971519947052
-0.525358259677887
0.20903559029102325
-0.04953864961862564
-0.040255218744277954
-0.40375378727912903
-0.021433884277939796
0.718698263168335
-0.3627876937389374
-0.08620763570070267
0.14319394528865814
0.3245023190975189
-0.050373777747154236
-0.0713408887386322
0.4193258583545685
-1.1907330751419067
0.18559493124485016
-0.3875943124294281
-0.4236144721508026
-0.3995305001735687
-0.16321462392807007
-0.3931563198566437
-0.2839966118335724
0.5708320140838623
0.31974291801452637
-0.13127635419368744
-0.048311855643987656
0.2938186824321747
0.24311305582523346
-0.7287152409553528
-0.3023111820220947
-0.37203770875930786
0.04408818110823631
-0.010678917169570923
-0.5503964424133301
-0.25731799006462097
-0.2173120528459549
-0.21744008362293243
-0.11048862338066101
-0.018330557271838188
0.20807622373104095
0.056849561631679535
-0.13000762462615967
0.3071659505367279
-0.1495574563741684
0.2071053385734558
-0.1685212105512619
0.3177933394908905
0.10648983716964722
-0.5468562245368958
0.23572513461112976
0.20236530900001526
-0.7625758051872253
0.36467239260673523
-0.33792659640312195
0.027082905173301697
-0.40264302492141724
-0.03778132051229477
0.310320109128952
0.5236524343490601
-0.28401926159858704
0.07858793437480927
-0.3334225118160248
-0.1339818388223648
-0.48011401295661926
0.31557467579841614
0.2940477132797241
-0.1825350672006607
-0.11319082230329514
-0.0976644828915596
-0.09692011028528214
0.3595564365386963
-0.15787065029144287
-0.10704629123210907
0.3073243796825409
0.3337944447994232
-0.028367720544338226
-0.1935473531484604
0.24009816348552704
-1.215140461921692
0.47421297430992126
-0.23616378009319305
-0.31127622723579407
-0.3942965865135193
-0.28062424063682556
-0.3092051148414612
-0.7550500631332397
0.23071229457855225
0.0005288388347253203
-0.018583932891488075
0.5001155138015747
0.30235686898231506
0.29235032200813293
0.09490332007408142
-0.5138195157051086
0.538794994354248
0.15356457233428955
0.35506346821784973
0.07311373203992844
0.13302168250083923
0.04720192402601242
-0.3116859197616577
0.41887444257736206
0.23667126893997192
0.06587714701890945
0.3559302091598511
-0.45795106887817383
0.15280012786388397
-0.1376456916332245
0.017891602590680122
0.020943565294146538
0.14082887768745422
0.45512813329696655
-0.23471525311470032
0.3288823068141937
0.21282029151916504
-0.684447705745697
0.6176422834396362
-0.5828767418861389
0.45156216621398926
-0.2919973134994507
-0.6612849235534668
0.5167264342308044
0.45041623711586
0.3329843580722809
-0.2802709937095642
-0.46816202998161316
0.24082115292549133
-0.3806551992893219
-0.5840303301811218
-0.1651155650615692
0.6533632278442383
0.026948779821395874
-0.21806202828884125
-0.2969129681587219
0.5180858373641968
-0.15895633399486542
-0.18800385296344757
0.5152042508125305
0.33285269141197205
-0.2791559398174286
-0.3989444673061371
0.5908060073852539
-1.2840008735656738
0.39443331956863403
-0.4324646294116974
-0.5830748081207275
-0.4764685034751892
-0.26712462306022644
-0.2294100522994995
-0.13176193833351135
0.16197313368320465
0.4648215174674988
-0.20324401557445526
0.1666611284017563
0.3928862512111664
0.12721911072731018
-0.5847436189651489
-0.408018559217453
0.0068675195798277855
0.21276308596134186
0.41081735491752625
-0.41518354415893555
-0.19420287013053894
0.06088564917445183
0.0665368139743805
-0.35177385807037354
-0.4085451662540436
-0.11008313298225403
0.2415774017572403
-0.05504116043448448
-0.26082107424736023
-0.24324394762516022
0.616934061050415
-0.144454225897789
0.16326196491718292
0.2700321674346924
-0.320217102766037
-0.17289678752422333
-0.13704290986061096
-0.11097415536642075
0.3800356686115265
0.05168216675519943
-0.5852589011192322
0.4459807574748993
-0.08406450599431992
-0.09528300911188126
-0.028411246836185455
-0.3105261027812958
-0.4566388726234436
0.027750978246331215
0.36063843965530396
0.009986688382923603
-0.11578091979026794
0.18887829780578613
-0.29171836376190186
-0.3723442554473877
0.16200745105743408
0.3486241400241852
0.6370084881782532
0.37444940209388733
-0.14642596244812012
-0.6060521602630615
0.4766964614391327
0.2773790955543518
-0.33421310782432556
0.4842289388179779
-0.38866305351257324
-1.0390530824661255
0.6557932496070862
0.007010278292000294
-0.3651411831378937
0.6841618418693542
0.3097749948501587
0.24406175315380096
-0.7649819254875183
0.12254038453102112
-0.16606555879116058
-0.10630732774734497
0.5480618476867676
0.16605675220489502
0.0004027515242341906
1.0390996932983398
0.21232177317142487
0.4651382267475128
0.1105927973985672
0.06023751199245453
-0.1017916277050972
-0.44986432790756226
0.15620562434196472
0.09590843319892883
-0.11172312498092651
-0.28409239649772644
0.0944940447807312
0.06689669191837311
-0.12882468104362488
0.10984262079000473
0.4038461148738861
-0.11026265472173691
0.6100925803184509
0.4237247705459595
0.08329254388809204
0.11335386335849762
-0.13458648324012756
0.16924472153186798
0.2014055699110031
0.18595397472381592
0.02737821266055107
0.43259939551353455
0.30607354640960693
-0.7034387588500977
0.020453983917832375
-0.5596790313720703
-0.3570745885372162
-0.15868933498859406
1.1105949878692627
0.15787726640701294
-0.16808712482452393
-0.2684629559516907
-0.189972385764122
0.5756499171257019
-0.048844244331121445
0.34961870312690735
0.4639504551887512
0.44528982043266296
-0.28887036442756653
-0.33943530917167664
0.19556918740272522
0.3207589387893677
-0.5652168393135071
0.5152670741081238
-0.7733038663864136
-0.4296484887599945
0.28082525730133057
0.11605788767337799
-0.19046959280967712
0.614359438419342
0.32863011956214905
-0.1553523689508438
-0.3264112174510956
0.19554656744003296
0.06880843639373779
-0.3997640013694763
0.7667603492736816
0.22841697931289673
0.10907915234565735
0.22605082392692566
0.13049279153347015
0.8653225898742676
0.30877721309661865
-0.3274838924407959
-0.1391676813364029
-0.3195003867149353
-0.2191927433013916
0.5778548717498779
0.29136812686920166
-0.2285357266664505
0.01386405248194933
0.29011648893356323
-0.3380669057369232
-0.35678163170814514
0.5531778335571289
0.3552436828613281
0.36048102378845215
0.16061460971832275
-0.41734424233436584
0.13064658641815186
-0.09034845978021622
0.03804175183176994
0.10757547616958618
0.11953561753034592
-0.09573174268007278
0.2803881764411926
-0.23457299172878265
-0.25453001260757446
0.010607033036649227
-0.12803345918655396
-0.5300775766372681
-0.23711715638637543
0.35773134231567383
0.4760185778141022
0.0062131076119840145
-0.740064799785614
-0.38947582244873047
0.2233869433403015
-0.12698742747306824
0.05297258123755455
0.6068196296691895
-0.4584880471229553
0.01109290961176157
0.013657544739544392
0.10586649924516678
0.20993250608444214
-0.3388860523700714
0.13543212413787842
-0.8288359642028809
-0.2254827469587326
0.0770636573433876
0.43265536427497864
-0.08308933675289154
0.3834889829158783
0.2346975952386856
0.08527906984090805
-0.2552139163017273
-0.20053650438785553
0.7853919863700867
-0.07023929059505463
0.08879376202821732
0.18422803282737732
0.16046616435050964
0.06977341324090958
0.22181911766529083
0.049522023648023605
0.23666004836559296
-0.6801894903182983
-0.3750109374523163
-0.17478056252002716
0.09673458337783813
0.49327000975608826
0.08921505510807037
-0.09347745776176453
-0.26687225699424744
0.01184127014130354
0.021601177752017975
-0.040133558213710785
0.6696860194206238
-0.09267958998680115
0.13542291522026062
0.4184965193271637
-0.6497509479522705
-0.08862877637147903
-0.29771509766578674
-0.6431931257247925
0.030500372871756554
0.22074100375175476
-0.37802156805992126
0.6211355924606323
-0.23290975391864777
0.18760569393634796
0.005902015138417482
-0.5373415946960449
-0.5382237434387207
0.19184362888336182
0.6379165649414062
-0.30000069737434387
-0.13282893598079681
0.4785952866077423
-0.26428526639938354
-0.4542204439640045
0.44568896293640137
0.2696866989135742
0.13910074532032013
0.0586390420794487
-0.36549273133277893
-0.7524461150169373
0.0856797993183136
0.31566742062568665
-0.2202858328819275
-0.29097315669059753
-0.48936399817466736
-0.4485416114330292
0.1511879861354828
0.3104928433895111
-0.16862979531288147
0.2308158129453659
0.12753711640834808
0.2475937008857727
-0.10495849698781967
0.2210560142993927
0.1886175125837326
-0.09312992542982101
0.24622127413749695
-0.07763168215751648
-0.11043138802051544
0.1402047723531723
0.3756462633609772
-0.23094774782657623
0.11139004677534103
-0.5024157166481018
-0.2944638431072235
0.07237358391284943
-0.40259283781051636
-0.5435521006584167
-0.2944609820842743
-0.1773836612701416
0.3417947590351105
0.4843498170375824
-0.0011401795782148838
0.07426697015762329
0.2545965909957886
-0.07881059497594833
0.20535090565681458
0.3105015456676483
-0.04088100045919418
-0.19235529005527496
0.2712354362010956
0.11610281467437744
0.6312828063964844
0.10943366587162018
-0.12628114223480225
0.2831847071647644
0.035213179886341095
-0.49864909052848816
-0.06669613718986511
-0.41202542185783386
-0.40880751609802246
-0.4200232923030853
0.9092408418655396
0.365578293800354
0.1292905956506729
-0.7271042466163635
-0.3453037440776825
0.40655335783958435
-0.13561294972896576
0.020488955080509186
-0.18718673288822174
-0.36348119378089905
-0.041836634278297424
-0.19415029883384705
0.3233914077281952
0.8129990100860596
-0.5947185158729553
-0.18000811338424683
-0.2098134458065033
-0.13200244307518005
0.16388355195522308
0.015872249379754066
-0.17943991720676422
-0.12000031769275665
0.7074978351593018
0.22352337837219238
0.2801053524017334
0.8888335227966309
0.7196065187454224
0.4851197302341461
0.5693497061729431
0.6028850078582764
-0.4581942558288574
0.3847651183605194
-0.1723356693983078
0.3374146521091461
0.6207368969917297
0.1449740082025528
0.635808527469635
0.8648703694343567
-0.035483937710523605
-0.3433769941329956
-0.22590792179107666
0.19139030575752258
0.066478431224823
-0.033253636211156845
-0.43674761056900024
0.09444323927164078
0.5491642355918884
-0.1437150090932846
-0.01527308952063322
-0.026686834171414375
-0.566058337688446
0.0788792073726654
0.09552683681249619
-0.28936854004859924
0.2517301142215729
0.01054818369448185
0.00025386991910636425
0.07800772786140442
-0.12672986090183258
-0.48297998309135437
0.13637880980968475
-0.15075817704200745
-0.5115721225738525
0.28567197918891907
0.7893502116203308
0.008905171416699886
0.0548689141869545
-0.3933778703212738
-0.42412760853767395
-0.042813822627067566
0.30991098284721375
0.10712950676679611
0.13146501779556274
-0.08561576902866364
-0.37851038575172424
-0.6949144601821899
0.01641867123544216
0.3463532328605652
-0.30955201387405396
-0.37786468863487244
-0.5541263818740845
-0.20169608294963837
-0.25677791237831116
0.4894177317619324
-0.05028603598475456
0.339093953371048
0.40077894926071167
0.03737635537981987
0.15947167575359344
0.5874336957931519
0.6593244075775146
0.38789764046669006
0.5313442945480347
0.3699852228164673
-0.17127172648906708
0.4699123799800873
0.23010076582431793
0.4858250319957733
0.3873124420642853
-0.07355761528015137
0.015044310130178928
0.402914434671402
-0.002485034056007862
0.3013109564781189
0.020971175283193588
-0.1781674027442932
-0.2697400748729706
-0.36007943749427795
-0.24876534938812256
0.46804526448249817
0.08411760628223419
0.39422041177749634
0.35266807675361633
0.37156662344932556
-0.6545053124427795
-0.13000303506851196
-0.012953145429491997
-0.5214168429374695
0.14656150341033936
-0.04436376318335533
-0.32239535450935364
0.3909672498703003
-0.024848071858286858
-0.21838857233524323
-0.36927467584609985
-0.19249002635478973
-0.38181033730506897
-0.27308833599090576
0.21925698220729828
0.30260923504829407
-0.4274258017539978
-0.12917248904705048
-0.7543706297874451
-0.3424491584300995
0.3613702356815338
-0.12372992932796478
-0.21836864948272705
0.301829069852829
-0.5788790583610535
-0.16224336624145508
0.4694426655769348
0.34975340962409973
-0.8040217161178589
-0.029904596507549286
-0.683306097984314
0.2979629635810852
0.020074564963579178
0.20759274065494537
0.2256237268447876
0.2588794231414795
0.6745927333831787
0.19544701278209686
-0.3140011727809906
0.31926652789115906
0.8058114051818848
0.30203744769096375
0.3176599442958832
0.25319015979766846
-0.03481409698724747
0.7787854075431824
0.5772277116775513
0.20745359361171722
-0.015554926358163357
-0.33884233236312866
-0.44103679060935974
-0.08428795635700226
0.14919880032539368
-0.3286222815513611
0.018270915374159813
-0.13311679661273956
-0.04398775473237038
0.3513605296611786
0.3966559171676636
0.185562402009964
0.022819261997938156
0.23990578949451447
0.19808445870876312
0.17076042294502258
-0.4548649191856384
-0.07734999805688858
0.2614891529083252
0.08996964991092682
0.5325356721878052
0.025128066539764404
-0.10147346556186676
0.36316660046577454
-0.3952389657497406
-0.19168336689472198
-0.036227576434612274
-0.055304694920778275
-0.3562900722026825
-0.2975647747516632
-0.08385946601629257
0.4156133830547333
0.10098206251859665
-0.6183002591133118
-0.4430302381515503
0.049127280712127686
-0.10300567746162415
-0.08643137663602829
0.0805152878165245
-0.44960495829582214
-0.2082379162311554
-0.4142940640449524
-0.2324465662240982
0.2158890962600708
0.041448112577199936
-0.5543238520622253
-0.38522329926490784
-0.1777190864086151
-0.06918206065893173
0.7807435393333435
-0.191283717751503
0.3480945825576782
0.3989761173725128
0.05120154470205307
-0.29011282324790955
-0.06308962404727936
0.12944914400577545
0.03469906747341156
0.357359379529953
0.04567212983965874
-0.08398615568876266
0.5789290070533752
0.17043457925319672
0.21911053359508514
0.31277012825012207
0.0037398759741336107
-0.21597418189048767
0.10758625715970993
-0.1044493019580841
-0.022338220849633217
0.022965028882026672
-0.058798640966415405
-0.10236243158578873
0.050872087478637695
-0.12900355458259583
0.12597329914569855
0.14520549774169922
0.2713715136051178
0.19992613792419434
0.0821647197008133
-0.6526078581809998
-0.14482592046260834
0.04942525550723076
-0.2900114357471466
0.2939990758895874
-0.18458792567253113
-0.538320779800415
0.48460397124290466
0.29327625036239624
-0.3237643539905548
0.16501018404960632
-0.7028192281723022
-0.5205630660057068
-0.16345274448394775
0.3446826636791229
0.5716038942337036
-0.1755293607711792
0.04367140308022499
-0.8196988105773926
0.03103979118168354
0.2175624966621399
0.03565794974565506
0.3121527433395386
-0.7185164093971252
-0.26278185844421387
-0.03942716121673584
0.28357553482055664
0.4093415439128876
0.07817863672971725
0.36513230204582214
-1.3293108940124512
-0.1703404039144516
0.007929508574306965
0.7592389583587646
0.0021221472416073084
0.29816582798957825
-0.04872532933950424
0.34272968769073486
-0.5967393517494202
0.15121571719646454
-0.24559862911701202
-0.029098547995090485
0.528758704662323
0.07823973894119263
0.1822948306798935
0.5159987807273865
0.05229530856013298
0.6376785635948181
0.20295485854148865
0.3758786916732788
-0.1306707113981247
-0.09286673367023468
-0.15159480273723602
0.05694537237286568
0.02419435977935791
-0.2576957941055298
-0.06366143375635147
-0.05715818703174591
-0.292880117893219
0.2151016741991043
0.009572494775056839
0.39513450860977173
0.6769624352455139
0.1217130571603775
-0.6310128569602966
0.23877209424972534
0.18519946932792664
-0.31345710158348083
0.22087351977825165
0.004187080077826977
-0.47566065192222595
0.3982907831668854
0.5542297959327698
-0.6535806059837341
0.21239879727363586
-0.6473573446273804
-0.47803524136543274
-0.06551798433065414
0.7056183218955994
0.5032948851585388
-0.33498162031173706
-0.020366782322525978
-0.8912705183029175
0.23206044733524323
0.24669519066810608
-0.07149616628885269
0.22869108617305756
-0.65787672996521
-0.1555793285369873
-0.2635432779788971
0.043101999908685684
0.27991265058517456
-0.2725541591644287
-0.2834337651729584
-0.6201555728912354
-0.2660483121871948
-0.04759431257843971
0.5001198649406433
-0.037826403975486755
0.09689963608980179
0.3258073925971985
0.5262964367866516
-0.07025251537561417
0.1928909718990326
-0.019295668229460716
0.13881683349609375
0.5864607095718384
0.10585881024599075
-0.22358465194702148
0.6238417625427246
0.3159133195877075
0.40225499868392944
0.24597501754760742
0.2981187701225281
-0.5290041565895081
0.12572240829467773
-0.326694130897522
0.0940631628036499
0.15677882730960846
-0.018307654187083244
0.06432117521762848
0.5254983901977539
0.07958155125379562
-0.5762736797332764
0.12434852123260498
0.02417869307100773
0.21433328092098236
-0.031518012285232544
-0.518234372138977
-0.24687020480632782
0.006859572138637304
0.2091607302427292
0.5595544576644897
0.08324065804481506
-0.3967297077178955
0.4348100423812866
-0.23770496249198914
-0.11988510936498642
0.09744119644165039
-0.32043319940567017
-0.4701515734195709
-0.12617996335029602
0.26898396015167236
0.11008097231388092
-0.052881814539432526
-0.17484216392040253
-0.4197413921356201
-0.07009696215391159
0.14393146336078644
-0.17374266684055328
0.10069543123245239
-0.453403115272522
0.0005575605318881571
0.18402263522148132
0.2571101486682892
0.21110287308692932
-0.7021074891090393
-0.02498350851237774
-0.22023282945156097
-0.2750602662563324
-0.00453768577426672
0.37409189343452454
-0.13620635867118835
0.15081879496574402
0.7707176804542542
0.019783135503530502
0.13792605698108673
0.3777964115142822
0.5125198364257812
0.17484362423419952
0.497509241104126
0.5228726863861084
-0.4018486738204956
0.5670225024223328
0.5953670144081116
0.502403974533081
0.10094143450260162
0.0030903900042176247
-0.691478967666626
0.29687097668647766
-0.11598773300647736
-0.007731633726507425
-0.05080288276076317
-0.14685432612895966
-0.1048709899187088
0.01863553375005722
0.014211736619472504
0.17390304803848267
0.4108758866786957
0.14141419529914856
0.28837427496910095
0.2714584469795227
-0.42050328850746155
-0.017715800553560257
-0.011565648950636387
-0.14816254377365112
0.26224926114082336
0.10078566521406174
0.1871495246887207
0.661077082157135
-0.08338188380002975
-0.2817353904247284
-0.041420213878154755
-0.7361005544662476
-0.44795382022857666
0.10331249237060547
1.1062049865722656
-0.08993052691221237
0.059004854410886765
0.17568837106227875
0.21386495232582092
0.22235141694545746
0.07087966799736023
-0.1877923607826233
-0.017974620684981346
-0.008665187284350395
-0.1437823325395584
0.4667152166366577
0.16623063385486603
0.36854785680770874
-0.549559473991394
0.010154293850064278
-0.3324451446533203
-0.25566986203193665
0.2559052109718323
0.5918307900428772
-0.053272929042577744
0.3611212968826294
1.1945436000823975
0.21551191806793213
-0.02876533754169941
-0.22294054925441742
-0.03938274085521698
-0.20247530937194824
0.3059866726398468
0.07626218348741531
-0.15906685590744019
0.24974577128887177
0.16600635647773743
0.16236340999603271
0.5480334758758545
-0.046587616205215454
-0.34263861179351807
0.2599456310272217
-0.2529839277267456
-0.0015947208739817142
-0.4008643925189972
-0.4229970872402191
0.06781885027885437
-0.0066306693479418755
0.18226154148578644
-0.1984352320432663
0.7781627178192139
-0.2479795664548874
0.13693606853485107
0.17851248383522034
-0.4317934215068817
-0.06721904873847961
-0.186672642827034
-0.31903424859046936
0.34580516815185547
0.06373702734708786
-0.09801478683948517
0.045853689312934875
0.16624650359153748
-0.5022532343864441
-0.028628230094909668
-0.08447664976119995
-0.509852409362793
-0.02021993137896061
1.2711207866668701
0.0628904476761818
-0.03298143297433853
-0.5420914888381958
-0.5069417357444763
0.03997509926557541
0.5134274959564209
0.1399647444486618
0.25768032670021057
-0.27558445930480957
-0.22969777882099152
-0.6948202848434448
0.11240828037261963
0.38508570194244385
-0.08850262314081192
-0.29502591490745544
-0.5913837552070618
-0.2685548961162567
-0.15473176538944244
0.5189080238342285
-0.10350505262613297
0.33012232184410095
0.1865473985671997
0.5751910209655762
-0.024957507848739624
-0.2052377462387085
0.16250111162662506
1.137529730796814
0.33454975485801697
-0.09853007644414902
-0.4187344014644623
0.7129876613616943
0.6938669681549072
-0.16553564369678497
0.5384208559989929
0.285335898399353
-0.8237477540969849
-0.1278664767742157
-0.5515180230140686
0.7724592685699463
0.1888408213853836
-0.3073723614215851
0.1810780167579651
0.4089452624320984
-0.40838614106178284
-0.607193648815155
0.7833563685417175
-0.04761873185634613
0.21503256261348724
0.11808948218822479
0.01669837348163128
0.5227364897727966
-0.20457135140895844
0.2943432629108429
-0.10886461287736893
-0.3945097327232361
-0.8229009509086609
0.6122395992279053
-0.6014214754104614
0.11249488592147827
0.33583202958106995
-0.2989174723625183
-0.6698801517486572
-0.4750113785266876
-0.36959731578826904
0.8437048196792603
0.10483922809362411
-0.4396341145038605
-0.9774152040481567
0.3885454833507538
-0.2836637794971466
0.12407959252595901
-0.0029293051920831203
-0.1304319202899933
-0.20822222530841827
-0.3857164680957794
-0.12378991395235062
0.4052199721336365
-0.41548267006874084
-0.02454805187880993
-0.45344704389572144
-0.15218648314476013
0.12397501617670059
0.43038883805274963
-0.4183502197265625
0.5392497777938843
0.5529055595397949
0.25850215554237366
-0.8746450543403625
0.06735705584287643
-0.7130598425865173
-0.22632364928722382
0.2780187129974365
-0.09055421501398087
0.1029692068696022
0.6695650815963745
0.16730336844921112
0.24205529689788818
-0.03345873951911926
0.26240307092666626
-0.019121745601296425
-0.3372556269168854
0.04452911391854286
0.42366549372673035
0.24523451924324036
-0.33786460757255554
-0.43168067932128906
-0.331905335187912
-0.15834492444992065
0.5233294367790222
0.012171117588877678
0.621536910533905
0.8054087162017822
0.003940095659345388
-0.8806862831115723
0.5802334547042847
0.2291903793811798
-0.3332832455635071
0.04805753380060196
0.4526146352291107
-0.07747044414281845
0.3673904240131378
0.14172816276550293
-0.4121825695037842
-0.18565478920936584
-0.09696278721094131
-0.20708590745925903
-0.06743964552879333
0.7206499576568604
0.24605223536491394
-0.23938389122486115
-0.4343172609806061
-0.5473589897155762
0.28691554069519043
0.020322903990745544
-0.1807425171136856
0.19295459985733032
-0.501488983631134
-0.17195716500282288
-0.4547699987888336
0.0874604880809784
-0.14208067953586578
-0.07241980731487274
-0.3725906312465668
-0.37505367398262024
-0.17051002383232117
-0.12243783473968506
0.6956539154052734
0.0045164539478719234
0.01821800321340561
0.1499253809452057
0.27269434928894043
-0.3276926577091217
-0.068245530128479
0.06705562770366669
0.4395448863506317
0.18431031703948975
0.05609810724854469
-0.2075113207101822
0.6420856714248657
0.39223164319992065
-0.1431293487548828
0.3435702919960022
0.021035296842455864
-0.33029869198799133
-0.014073982834815979
-0.15169191360473633
-0.4953770637512207
-0.4028920829296112
-0.2220534086227417
0.27260488271713257
0.017070425674319267
-0.09882452338933945
0.3052559792995453
0.2837398946285248
0.13855057954788208
0.29269832372665405
0.601739227771759
-0.00547833601012826
-0.1192445158958435
0.16330331563949585
-0.049377165734767914
0.46688616275787354
-0.23024824261665344
-0.8276225328445435
0.6573677062988281
-0.2841128706932068
0.016135601326823235
0.22540248930454254
-0.6448013186454773
-0.6360876560211182
-0.31998583674430847
0.06270676106214523
0.6017331480979919
-0.06535961478948593
-0.04879411309957504
-0.9587146043777466
0.11671040207147598
-0.025084465742111206
-0.020762719213962555
-0.31600943207740784
0.5516089797019958
-0.21179182827472687
0.6305375695228577
0.3984704613685608
0.80141681432724
-0.5793900489807129
0.3949745297431946
-0.10575205832719803
-0.7585935592651367
0.5072086453437805
0.6870654821395874
-0.5152119994163513
0.46494734287261963
1.5789539813995361
0.04947003349661827
0.042547889053821564
-0.2873011529445648
0.4992029666900635
0.28793925046920776
-0.022882305085659027
0.13558493554592133
-0.016500059515237808
0.41590070724487305
-0.03546447679400444
-0.11230430006980896
0.7747246026992798
-0.04571964219212532
-0.020231733098626137
0.6772826910018921
0.230471670627594
